# ee
1.567423272766403641e-02
2.130557153370913129e-02
1.943092987431737154e-02
1.361292076278867308e-02
7.859767716128914991e-03
4.175099336375022278e-03
2.525156875039373614e-03
1.972793900195422140e-03
1.711339863309682078e-03
1.427506023442327984e-03
1.164007732548367558e-03
9.849972440061072459e-04
9.213408706664748824e-04
9.172732293092048959e-04
9.126993594074924799e-04
9.168373479842985936e-04
9.549378318590055021e-04
1.047068147093222976e-03
1.205527973460228733e-03
1.416729892534595745e-03
1.664659280620057113e-03
1.949483410285252289e-03
2.273068179324240403e-03
2.627898876073276029e-03
3.006891693862877562e-03
3.414069769820591432e-03
3.855251113057947196e-03
4.332324693447436870e-03
4.847777997719727311e-03
5.410421845474066953e-03
6.029025436089786166e-03
6.705870643363280245e-03
7.439564547108366496e-03
8.220514591421243522e-03
9.041089799458609105e-03
9.909731837564784637e-03
1.083695523999350478e-02
1.182552594179456240e-02
1.287627001385460018e-02
1.398973847169384353e-02
1.516537487106772719e-02
1.640234047406615922e-02
1.769980016192860411e-02
1.905691972068191201e-02
2.047355257476898144e-02
2.195231355974555307e-02
2.349650695915819418e-02
2.510944067570302848e-02
2.679442080250139802e-02
2.855379616761652764e-02
3.038611911122516759e-02
3.228897023184770787e-02
3.425995546205146125e-02
3.629665359078203257e-02
3.839731294965330333e-02
4.056275146646539514e-02
4.279443851593891374e-02
4.509384347279445787e-02
4.746242847345350652e-02
4.990112363935249318e-02
5.240864417239828738e-02
5.498315878291448744e-02
5.762285427697245999e-02
6.032588850744713405e-02
6.309057856979397028e-02
6.591582424254731343e-02
6.880064835532645473e-02
7.174409545264806565e-02
7.474518836413143741e-02
7.780281239171267516e-02
8.091532444149240888e-02
8.408090770039243489e-02
8.729775983193281685e-02
9.056406402303537884e-02
9.387793107763078848e-02
9.723692168891685805e-02
1.006385314053993840e-01
1.040802195840885430e-01
1.075594817734901315e-01
1.110738135221099182e-01
1.146208479061368996e-01
1.181982469549565373e-01
1.218036654596551388e-01
1.254347871645155321e-01
1.290891727627355434e-01
1.327640572240527395e-01
1.364566031352135722e-01
1.401639730829644936e-01
1.438833007008554210e-01
1.476117051458381568e-01
1.513459436599085550e-01
1.550827734850625805e-01
1.588189229100996636e-01
1.625511057472210641e-01
1.662760358086279866e-01
1.699904848129145662e-01
1.736911376190856116e-01
1.773747369925387785e-01
1.810380256986717507e-01
1.846777030730875346e-01
1.882905118811838419e-01
1.918731804117601025e-01
1.954224224770175211e-01
1.989349953189520626e-01
2.024075982731667056e-01
2.058369596284609082e-01
2.092198366268306076e-01
2.125529286038787546e-01
2.158329638484048352e-01
2.190567575087976893e-01
2.222216893207772659e-01
2.253250811136705001e-01
2.283643560529920735e-01
2.313369228276583311e-01
2.342402046031838991e-01
2.370715955918869244e-01
2.398284755294873560e-01
2.425082675814997646e-01
2.451083804368405505e-01
2.476262083078278886e-01
2.500592033131728287e-01
2.524046728056041355e-01
2.546600978570293661e-01
2.568228726797667227e-01
2.588903625329377900e-01
2.608600195352536733e-01
2.627292668522290819e-01
2.644954118365926976e-01
2.661559355602520216e-01
2.677086086270793475e-01
2.691527072071630000e-01
2.704879417685383536e-01
2.717139938260442755e-01
2.728305159413231817e-01
2.738371606760174881e-01
2.747336674513590205e-01
2.755196888289902502e-01
2.761948773705534821e-01
2.767589724972806531e-01
2.772115688644211651e-01
2.775524348464033508e-01
2.777811650984766678e-01
2.778974700886764904e-01
2.779010892382345888e-01
2.777915882492040800e-01
2.775687354960131303e-01
2.772321545871077597e-01
2.767815559905233425e-01
2.762165922679022390e-01
2.755376398107985403e-01
2.747475070792693153e-01
2.738497842696762108e-01
2.728480036719880264e-01
2.717456396697804921e-01
2.705463114126117619e-01
2.692535222372540726e-01
2.678707754804797170e-01
2.664016323854538348e-01
2.648496252421452257e-01
2.632183152937190296e-01
2.615111769237510320e-01
2.597317713754064838e-01
2.578836309386540737e-01
2.559703168566589970e-01
2.539953324661934908e-01
2.519622100572263546e-01
2.498745108729227282e-01
2.477357382500548766e-01
2.455494823849844743e-01
2.433191887080908278e-01
2.410484474157356116e-01
2.387407763212893164e-01
2.363997511445153632e-01
2.340288462689895654e-01
2.316323033379940333e-01
2.292171579782697477e-01
2.267910972634781530e-01
2.243618082672807212e-01
2.219369925399371501e-01
2.195243950615017592e-01
2.171316739524395967e-01
2.147665162864121069e-01
2.124366815200718628e-01
2.101498277738838849e-01
2.079136565981078433e-01
2.057358695430034634e-01
2.036241971120268113e-01
2.015863119022411887e-01
1.996299154639062101e-01
1.977627238238798546e-01
1.959924385324217644e-01
1.943267466631934115e-01
1.927733642430526917e-01
1.913399638690628513e-01
1.900342905212782374e-01
1.888640167967620964e-01
1.878368442457741261e-01
1.869604744185739686e-01
1.862426088654213219e-01
1.856912531451387627e-01
1.853155130380145232e-01
1.851247838563014891e-01
1.851284609122525460e-01
1.853359684713170308e-01
1.857567018457478569e-01
1.864000708243961080e-01
1.872754417663182180e-01
1.883922678901600034e-01
1.897599300315761239e-01
1.913878090262212117e-01
1.932853436161428851e-01
1.954619291135940018e-01
1.979269463542291940e-01
2.006898340800961078e-01
2.037599441736528683e-01
2.071467298535453194e-01
2.108595719554280934e-01
2.149078513149558778e-01
2.193010211507744611e-01
2.240484333453420518e-01
2.291595266407062126e-01
2.346436963491198291e-01
2.405103233062375612e-01
2.467688462541069716e-01
2.534286315517845223e-01
2.604990889881212968e-01
2.679896573051648856e-01
2.759096883853734972e-01
2.842686499239911457e-01
2.930758938034760397e-01
3.023408008594827834e-01
3.120728098340590506e-01
3.222813594692523487e-01
3.329757726943244345e-01
3.441655172045193223e-01
3.558599448822952760e-01
3.680685234228962543e-01
3.808005757555840143e-01
3.940655985287990770e-01
4.078729146718031995e-01
4.222319050202509305e-01
4.371520951757793538e-01
4.526427791144536639e-01
4.687134245315179304e-01
4.853733543562339103e-01
5.026320652370420694e-01
5.204989090564005050e-01
5.389832666499640990e-01
5.580946346661731505e-01
5.778404830297156902e-01
5.982216224300928031e-01
6.192367210202670558e-01
6.408847364851657513e-01
6.631644527905372621e-01
6.860747118085230856e-01
7.096143554112644969e-01
7.337822254709029934e-01
7.585771638595799615e-01
7.839980703558298014e-01
8.100436710190079825e-01
8.367128077212557802e-01
8.640044960538936225e-01
8.919174041698840760e-01
9.204503739413683050e-01
9.496023630532738347e-01
9.793720975649561344e-01
1.009758593067735299e+00
1.040760401901788201e+00
1.072376481752042032e+00
1.104605906116210123e+00
1.137447169428075888e+00
1.170899345185352658e+00
1.204961275260181930e+00
1.239631569899133368e+00
1.274909186787134052e+00
1.310793083609111287e+00
1.347282102237206569e+00
1.384374968730775590e+00
1.422070409149173598e+00
1.460367496990113700e+00
1.499264958312951812e+00
1.538761634989828986e+00
1.578856484705672525e+00
1.619548233519838121e+00
1.660835607491681021e+00
1.702717680118914778e+00
1.745193177460894640e+00
1.788261057202547910e+00
1.831919929590444251e+00
1.876168868122296773e+00
1.921006367231889556e+00
1.966431616229721291e+00
2.012443341175147449e+00
2.059040615565881360e+00
2.106221818022921077e+00
2.153986022043979709e+00
2.202332069501197864e+00
2.251259033892289985e+00
2.300765293838253012e+00
2.350847143329939826e+00
2.401490221581903839e+00
2.452677388301837791e+00
2.504391503197434421e+00
2.556614962725242357e+00
2.609330626592955227e+00
2.662521817759408993e+00
2.716170932681152728e+00
2.770260831065879614e+00
2.824774372621281504e+00
2.879694185429480413e+00
2.935003129198168192e+00
2.990684526886181693e+00
3.046720311698926320e+00
3.103094038220810535e+00
3.159788102908382967e+00
3.216785365469336355e+00
3.274068917236935938e+00
3.331620923042158733e+00
3.389424705843840702e+00
3.447463125349675028e+00
3.505718809641782396e+00
3.564174618427855989e+00
3.622813411415587659e+00
3.681617585061527809e+00
3.740570230698940346e+00
3.799654208035517566e+00
3.858852608404524709e+00
3.918147596636939234e+00
3.977522495691596660e+00
4.036959933650618559e+00
4.096442770221697671e+00
4.155953401861383512e+00
4.215475614779654379e+00
4.274990878930774230e+00
4.334482980524722251e+00
4.393934316018047070e+00
4.453327745118442316e+00
4.512646590784743950e+00
4.571872786222357377e+00
4.630990117641262671e+00
4.689980054995722014e+00
4.748826384495714592e+00
4.807512429100078144e+00
4.866019658763073075e+00
4.924331396443537123e+00
4.982430965100305365e+00
5.040300297938784091e+00
5.097922717917809265e+00
5.155281547996217739e+00
5.212358258128270805e+00
5.269135708021662978e+00
5.325596757384085222e+00
5.381721949667514160e+00
5.437494607830784865e+00
5.492896665079304519e+00
5.547910054618477638e+00
5.602516709653711402e+00
5.656698563390410328e+00
5.710438938787412155e+00
5.763718379296690841e+00
5.816520207877083237e+00
5.868826357733995636e+00
5.920617835570546106e+00
5.971878427596715611e+00
6.022588677264478108e+00
6.072731907532671336e+00
6.122289588355555701e+00
6.171244116189682494e+00
6.219577887491599455e+00
6.267271908964427318e+00
6.314309503567000270e+00
6.360672604504725491e+00
6.406342681731865163e+00
6.451301668453824689e+00
6.495533350880584145e+00
6.539018272464119264e+00
6.581738829660978674e+00
6.623677418927711891e+00
6.664815973469725208e+00
6.705137352994710476e+00
6.744621637703501094e+00
6.783253077057218583e+00
6.821013604261270125e+00
6.857884689269917011e+00
6.893847802037422312e+00
6.928886265522621990e+00
6.962981086428635891e+00
6.996116514216585536e+00
7.028271702585017877e+00
7.059430900995054436e+00
7.089575579400957395e+00
7.118687207756991597e+00
7.146749572273133566e+00
7.173742753150217588e+00
7.199650999849366073e+00
7.224453929320267420e+00
7.248136254275188151e+00
7.270678518166103999e+00
7.292062654198421257e+00
7.312275228088979340e+00
7.331313923582061243e+00
7.349181983435671306e+00
7.365881723905526535e+00
7.381413144991626929e+00
7.395780879205407388e+00
7.408985389798010246e+00
7.421029919527440732e+00
7.431916321398271741e+00
7.441647374917365276e+00
7.450223543335862786e+00
7.457647606160626275e+00
7.463922806149659195e+00
7.469050533056392993e+00
7.473032176634256452e+00
7.475871906143541246e+00
7.477569721584247375e+00
7.478129328965522404e+00
7.477551654789653668e+00
7.475839941814643730e+00
7.472995116542781702e+00
7.469021348234356594e+00
7.463918636889368408e+00
7.457690688516966482e+00
7.450338429619435487e+00
7.441864639703638318e+00
7.432271635025290202e+00
7.421561731840109033e+00
7.409736319901526258e+00
7.396797715465257106e+00
7.382748698038163582e+00
7.367590194122531244e+00
7.351325909727509433e+00
7.333957234606527820e+00
7.315486485015302520e+00
7.295915977209551428e+00
7.275247564193849215e+00
7.253483098972768772e+00
7.230624897802026219e+00
7.206675740188484447e+00
7.181637479136715463e+00
7.155511504400150713e+00
7.128300595485650426e+00
7.100007531900074831e+00
7.070633240145711262e+00
7.040181426231707285e+00
7.008652553409206121e+00
6.976049401185068000e+00
6.942375212317297262e+00
6.907629986805894795e+00
6.871821599920298063e+00
6.834969508208532218e+00
6.797098727232341986e+00
6.758234272553473865e+00
6.718398843477956461e+00
6.677618845320965946e+00
6.635917440639674147e+00
6.593320108246969014e+00
6.549850473951168262e+00
6.505533090062872503e+00
6.460392972143827350e+00
6.414453746002349632e+00
6.367740427200184072e+00
6.320277568047933059e+00
6.272089257605055757e+00
6.223200048182154553e+00
6.173634492089830950e+00
6.123417141638688221e+00
6.072572085888184645e+00
6.021123877148921721e+00
5.969097530982647726e+00
5.916516673197675047e+00
5.863406319355751961e+00
5.809791021767479080e+00
5.755694869492316457e+00
5.701142414840865591e+00
5.646157746872584760e+00
5.590766344400364574e+00
5.534991369981376863e+00
5.478858302428509575e+00
5.422390767550078650e+00
5.365614244158974699e+00
5.308552821314654224e+00
5.251230124825434054e+00
5.193671633504203022e+00
5.135900973159277072e+00
5.077943622603545037e+00
5.019823207645321972e+00
4.961564280595210263e+00
4.903191393763812300e+00
4.844729099461731359e+00
4.786201949999568050e+00
4.727634497687925652e+00
4.669050831586262440e+00
4.610475504005181691e+00
4.551933067255285792e+00
4.493447610396032132e+00
4.435043685738023989e+00
4.376746772094150195e+00
4.318580032021583470e+00
4.260568481082068537e+00
4.202737134837351896e+00
4.145111008849178269e+00
4.087714655428151822e+00
4.030573090136016390e+00
3.973712718287949031e+00
3.917156239189978351e+00
3.860930753033994911e+00
3.805059654002743041e+00
3.749569115785826856e+00
3.694483690693848299e+00
3.639827931037410202e+00
3.585627547254973457e+00
3.531907091657140008e+00
3.478692043056799132e+00
3.426006722138981608e+00
3.373876376091004659e+00
3.322326483725757562e+00
3.271381365728271096e+00
3.221066269285862038e+00
3.171406209960276890e+00
3.122426434938832873e+00
3.074151496532132377e+00
3.026606641927492625e+00
2.979816886686659672e+00
2.933807246371378685e+00
2.888602504917824554e+00
2.844227677887742001e+00
2.800708012468449137e+00
2.758068524221691575e+00
2.716333765458071703e+00
2.675529214990478799e+00
2.635679656755086420e+00
2.596810106313640620e+00
2.558945579227887457e+00
2.522111091059571653e+00
2.486331657370440151e+00
2.451632062096666065e+00
2.418037552425567505e+00
2.385572912293318026e+00
2.354263388887235742e+00
2.324133997769065374e+00
2.295209522874981367e+00
2.267514748141158165e+00
2.241075152380484603e+00
2.215915519529135125e+00
2.192061096774426066e+00
2.169536436426961146e+00
2.148366785674056700e+00
2.128577160077459229e+00
2.110188174313051057e+00
2.093204460892267527e+00
2.077626251440679361e+00
2.063453545958287449e+00
2.050687039321806182e+00
2.039326268280092780e+00
2.029371927709862078e+00
2.020824480862257300e+00
2.013683464486135222e+00
2.007949573458211567e+00
2.003622807778485004e+00
2.000703630698100532e+00
1.999192273842628653e+00
1.999088737212069811e+00
2.000393252431995617e+00
2.003106282753550182e+00
2.007227828176732398e+00
2.012758351952686375e+00
2.019697854081412114e+00
2.028046566188481226e+00
2.037805183150608546e+00
2.048973010091079683e+00
2.061551205137752696e+00
2.075539536665055529e+00
2.090938004672989070e+00
2.107747535663839322e+00
2.125967898012035562e+00
2.145599091717576901e+00
2.166642043282750230e+00
2.189096289456412769e+00
2.212962293489707299e+00
2.238240518633777487e+00
2.264930964888623777e+00
2.293033632254245724e+00
2.322549215607358164e+00
2.353477946573533597e+00
2.385819593527199967e+00
2.419574619719500497e+00
2.454743256776006799e+00
2.491325967947862985e+00
2.529322521609496555e+00
2.568733612637623231e+00
2.609559009406670960e+00
2.651799175167783851e+00
2.695454573172104240e+00
2.740524971794061404e+00
2.787011065910369734e+00
2.834912623895458061e+00
2.884230109000469611e+00
2.934963752850975993e+00
2.987109154561114366e+00
3.040643846450428622e+00
3.095540728327027313e+00
3.151772468373446934e+00
3.209312429648940146e+00
3.268133280336043889e+00
3.328207456991723490e+00
3.389508554300803223e+00
3.452009240445819582e+00
3.515682415234882008e+00
3.580500746850526994e+00
3.646437598352007203e+00
3.713465174670715463e+00
3.781557302117048547e+00
3.850685722371256059e+00
3.920824724994876664e+00
3.991945820042589688e+00
4.064022602199218959e+00
4.137027739647300528e+00
4.210934827071659114e+00
4.285716069403688877e+00
4.361344598077069534e+00
4.437793081274337581e+00
4.515034650429175400e+00
4.593041973724118598e+00
4.671788182592847782e+00
4.751246408469043558e+00
4.831388856284100086e+00
4.912189120722840308e+00
4.993619406716659270e+00
5.075653308950379028e+00
5.158263495606538740e+00
5.241422634867674013e+00
5.325103394916322230e+00
5.409279370437307222e+00
5.493923229613166370e+00
5.579007640626437059e+00
5.664506198161942230e+00
5.750390180648788707e+00
5.836634109274088544e+00
5.923210652220378236e+00
6.010092014419051054e+00
6.097251327303787605e+00
6.184661722308267606e+00
6.272296330866173442e+00
6.360127357908897494e+00
6.448127934870120370e+00
6.536271656434665900e+00
6.624530264282784131e+00
6.712877353099299782e+00
6.801285127815606124e+00
6.889723477107379424e+00
6.978162752901439170e+00
7.066572843873462517e+00
7.154921322443408727e+00
7.243179930291527846e+00
7.331317166340064695e+00
7.419303382515841427e+00
7.507108004243389310e+00
7.594699993696098161e+00
7.682049702800788360e+00
7.769125630479705613e+00
7.855899055161956746e+00
7.942338939020931576e+00
8.028413780978874925e+00
8.114094859464895393e+00
8.199350673401239575e+00
8.284152501217011633e+00
8.368467915332171714e+00
8.452267267673541085e+00
8.535519983665651012e+00
8.618196415235320984e+00
8.700265061304799374e+00
8.781697200303192119e+00
8.862460404650457590e+00
8.942525952775703502e+00
9.021863270103461119e+00
9.100439929053690591e+00
9.178229061060074301e+00
9.255196385537995951e+00
9.331315033921134372e+00
9.406553505131739712e+00
9.480880298092055014e+00
9.554265764728899768e+00
9.626679330466810569e+00
9.698090420730316907e+00
9.768469387446238272e+00
9.837785656039111259e+00
9.906009578435751806e+00
9.973108727056121836e+00
1.003905345382704084e+01
1.010381503717761476e+01
1.016736104952780195e+01
1.022966276930671192e+01
1.029068776893430126e+01
1.035040732683967768e+01
1.040879086844737422e+01
1.046580781918192393e+01
1.052142760446785985e+01
1.057561964972971502e+01
1.062835801290345650e+01
1.067963435546850270e+01
1.072944219190884496e+01
1.077777781621533570e+01
1.082463659587654270e+01
1.087001297187874016e+01
1.091390323821278585e+01
1.095629998286038109e+01
1.099719949981237832e+01
1.103659900956191997e+01
1.107449110009070736e+01
1.111087113888730826e+01
1.114573541994257511e+01
1.117907745774049921e+01
1.121089447277422124e+01
1.124117997952772896e+01
1.126993027199188013e+01
1.129713886465066430e+01
1.132280205149493213e+01
1.134691427351096493e+01
1.136947182468961515e+01
1.139046914601715876e+01
1.140990067847987888e+01
1.142776271606862259e+01
1.144404969976967479e+01
1.145875607056930789e+01
1.147187812245837968e+01
1.148341122292545258e+01
1.149334981295680613e+01
1.150168740703643344e+01
1.150842215215975806e+01
1.151354756281077485e+01
1.151705900647804626e+01
1.151895185065014182e+01
1.151921960981104931e+01
1.151785950445391116e+01
1.151486690206728980e+01
1.151023439063289366e+01
1.150395919064386163e+01
1.149603574308646969e+01
1.148645941544928561e+01
1.147522557522087361e+01
1.146232773688522855e+01
1.144776312093548576e+01
1.143152616835792657e+01
1.141361039363654228e+01
1.139401394376676002e+01
1.137272940673028288e+01
1.134975307651796328e+01
1.132507939411608078e+01
1.129870835952463715e+01
1.127066035579394132e+01
1.124096132498802625e+01
1.120963535616635198e+01
1.117670653838837502e+01
1.114220081371813187e+01
1.110614227121507724e+01
1.106855592644095942e+01
1.102946864796209603e+01
1.098890174533108777e+01
1.094688394011882693e+01
1.090343746838019712e+01
1.085858827217923306e+01
1.081236136707767947e+01
1.076478084213499464e+01
1.071587263941521151e+01
1.066566084797779013e+01
1.061417233638904811e+01
1.056142841420158618e+01
1.050745780298629484e+01
1.045228181229577480e+01
1.039592916370091658e+01
1.033842209325660733e+01
1.027978561652459355e+01
1.022004660207119109e+01
1.015922728595128888e+01
1.009735546323349276e+01
1.003445336997268456e+01
9.970546948232900775e+00
9.905662140078172584e+00
9.839823034567958260e+00
9.773053720761717855e+00
9.705381067225768987e+00
9.636828236517285262e+00
9.567420244198011403e+00
9.497183032331982133e+00
9.426140689978653953e+00
9.354319159202059808e+00
9.281742529061659752e+00
9.208434888616912062e+00
9.134423106434136130e+00
9.059730345070503787e+00
8.984382546590047980e+00
8.908404726554513431e+00
8.831820974023360193e+00
8.754656304558332991e+00
8.676937586725752993e+00
8.598687056580505583e+00
8.519930656186620155e+00
8.440693401105844984e+00
8.361002159904497688e+00
8.280887507158048777e+00
8.200383723451109219e+00
8.119524162866008865e+00
8.038341252982787566e+00
7.956868347883771619e+00
7.875140654655865546e+00
7.793189674376820086e+00
7.711048761128965978e+00
7.628752195496915078e+00
7.546331941809565791e+00
7.463822743902676748e+00
7.381256566105144579e+00
7.298667225750439691e+00
7.216089003423177495e+00
7.133553863452255506e+00
7.051095159920001798e+00
6.968746710159885893e+00
6.886541868254235865e+00
6.804513525034236565e+00
6.722695961084502514e+00
6.641121140733931227e+00
6.559822418064849892e+00
6.478834536913016251e+00
6.398189461607327821e+00
6.317921009481255901e+00
6.238062071365984451e+00
6.158646464594984771e+00
6.079707543250584934e+00
6.001278198163968014e+00
5.923391320166319751e+00
5.846081653093397001e+00
5.769381161274096392e+00
5.693323198790747774e+00
5.617942046227963893e+00
5.543270594416929598e+00
5.469341270937685628e+00
5.396188356374846506e+00
5.323844741559596194e+00
5.252344243825406878e+00
5.181719290752317519e+00
5.112004162924943529e+00
5.043230824672183310e+00
4.975434019829792831e+00
4.908646175977814607e+00
4.842901110449718161e+00
4.778231714076689229e+00
4.714671340941054112e+00
4.652253345125141770e+00
4.591011543962422614e+00
4.530974659023789819e+00
4.472157514345833640e+00
4.414571227955995880e+00
4.358226917881721008e+00
4.303134775648162602e+00
4.249305919282764243e+00
4.196751930064111846e+00
4.145482999517360767e+00
4.095510245669953697e+00
4.046844323298190105e+00
3.999496350429512237e+00
3.953476981840219118e+00
3.908797798808897106e+00
3.865468297983986279e+00
3.823500755520787830e+00
3.782905594570029617e+00
3.743693238282438607e+00
3.705875499562172326e+00
3.669462338308815408e+00
3.634465104175381267e+00
3.600894683563741427e+00
3.568762194501338580e+00
3.538077828513327638e+00
3.508853166878294960e+00
3.481098401121396346e+00
3.454825112521217712e+00
3.430043955854058080e+00
3.406765817521788087e+00
3.385001352300707200e+00
3.364761909843829724e+00
3.346057913301883069e+00
3.328900017451165816e+00
3.313300035195836379e+00
3.299268389686621727e+00
3.286815735699820884e+00
3.275953191262876540e+00
3.266691642777659776e+00
3.259041745020469616e+00
3.253014847644319918e+00
3.248621373799938539e+00
3.245872441514767726e+00
3.244778937190678114e+00
3.245351747229541228e+00
3.247601758033227703e+00
3.251539856003608175e+00
3.257176695916981668e+00
3.264523395800790428e+00
3.273590842056906425e+00
3.284389921087198960e+00
3.296931750919112059e+00
3.311221427315222510e+00
3.327244589490084170e+00
3.344980854393385883e+00
3.364410070600387215e+00
3.385512781563064788e+00
3.408268140979962890e+00
3.432656692303057255e+00
3.458657820856465559e+00
3.486251838466590591e+00
3.515418362083121639e+00
3.546137471906890326e+00
3.578389248138729162e+00
3.612153307728326546e+00
3.647409730876514988e+00
3.684138366158554501e+00
3.722319062149705537e+00
3.761931899050800165e+00
3.802956957062670451e+00
3.845373621509433626e+00
3.889162435843064980e+00
3.934302553762109245e+00
3.980774981969686266e+00
4.028558410913197108e+00
4.077633847295762060e+00
4.127980908067067745e+00
4.179578746925661115e+00
4.232408370574660239e+00
4.286448932712610294e+00
4.341680513540343789e+00
4.398083193258692347e+00
4.455637052068489368e+00
4.514321706919421473e+00
4.574116774761178839e+00
4.635002799045737198e+00
4.696959859973927287e+00
4.759966647993151057e+00
4.824004633057672464e+00
4.889052968866034909e+00
4.955091272367928568e+00
5.022099623764184173e+00
5.090058566506778348e+00
5.158947717545398604e+00
5.228746230578591891e+00
5.299435112309475393e+00
5.370993979687738396e+00
5.443402449663070186e+00
5.516640602436302387e+00
5.590688518208266622e+00
5.665525350677508953e+00
5.741131643296004228e+00
5.817486086511155285e+00
5.894558105747493393e+00
5.972317589680696592e+00
6.050731647479579145e+00
6.129770631070962317e+00
6.209402576125948592e+00
6.289595981566782790e+00
6.370320272817999729e+00
6.451543485550700119e+00
6.533235045189418777e+00
6.615362524154114077e+00
6.697896274371605507e+00
6.780803868261853218e+00
6.864054267998246139e+00
6.947616435754173203e+00
7.031458870451881893e+00
7.115550997515905252e+00
7.199860852617343987e+00
7.284356934678446471e+00
7.369007742621456636e+00
7.453783165122052523e+00
7.538652164353623952e+00
7.623581849484985185e+00
7.708541645940670151e+00
7.793500052642925446e+00
7.878427884769712897e+00
7.963290861736418869e+00
8.048059335469863740e+00
8.132701804892292330e+00
8.217186768925952123e+00
8.301483652995374385e+00
8.385560029520521041e+00
8.469386250428208029e+00
8.552929888138399050e+00
8.636159441573337148e+00
8.719043409655268917e+00
8.801552144311013848e+00
8.883653217960533865e+00
8.965315129526072013e+00
9.046508230934449557e+00
9.127199168103338422e+00
9.207357366457271652e+00
9.286953177923068736e+00
9.365952321916116929e+00
9.444326076865520392e+00
9.522042015191239273e+00
9.599069562317808391e+00
9.675376290665184342e+00
9.750932552160188393e+00
9.825704992720492470e+00
9.899667670282063625e+00
9.972796495785443582e+00
1.004507664519404209e+01
1.011648773545754842e+01
1.018701401603708590e+01
1.025663510388234023e+01
1.032533432195215184e+01
1.039309314020077935e+01
1.045989395508477493e+01
1.052571823655839900e+01
1.059054838107820196e+01
1.065436585859844421e+01
1.071715306557567970e+01
1.077889147196416531e+01
1.083956347422045319e+01
1.089914961579652086e+01
1.095763414615348630e+01
1.101499853524561701e+01
1.107122332652488517e+01
1.112629091644784118e+01
1.118018370147103369e+01
1.123288407805101308e+01
1.128437351614204154e+01
1.133463255919609303e+01
1.138364545667429262e+01
1.143139367853090249e+01
1.147785776821789838e+01
1.152302104869411536e+01
1.156686498991381562e+01
1.160937013532897488e+01
1.165052166090300467e+01
1.169029918358559250e+01
1.172868417333100055e+01
1.176566087960035212e+01
1.180120891934333471e+01
1.183531161551878697e+01
1.186795043808096928e+01
1.189910778348643206e+01
1.192876512168943748e+01
1.195690392264424773e+01
1.198350750930969966e+01
1.200855642513776722e+01
1.203203399308728727e+01
1.205392075661023554e+01
1.207419911216316244e+01
1.209285145620261659e+01
1.210986018518514484e+01
1.212520584256272649e+01
1.213887175129419660e+01
1.215083845483152913e+01
1.216109390864499495e+01
1.216964459825060452e+01
1.217650349468037163e+01
1.218167986295716609e+01
1.218518945361986461e+01
1.218704153169133519e+01
1.218724814170131054e+01
1.218582225468180269e+01
1.218277498866025610e+01
1.217811931466868813e+01
1.217186635073453971e+01
1.216402721488525529e+01
1.215461580465513514e+01
1.214364323807162371e+01
1.213112063316216371e+01
1.211706096095877072e+01
1.210147626599117565e+01
1.208437673978453120e+01
1.206577627987314294e+01
1.204568507778216713e+01
1.202411703104590401e+01
1.200108418419408629e+01
1.197659580224958020e+01
1.195066670924897601e+01
1.192330709671743172e+01
1.189452900918467471e+01
1.186434541768272233e+01
1.183276651373672905e+01
1.179980619488100047e+01
1.176547557914297570e+01
1.172978671105238568e+01
1.169275163513896132e+01
1.165438054292785708e+01
1.161468825845566322e+01
1.157368404674524598e+01
1.153138273183320095e+01
1.148779357874239082e+01
1.144293048500712295e+01
1.139680364215255359e+01
1.134942602121069477e+01
1.130080966671127918e+01
1.125096662318403595e+01
1.119990800865640601e+01
1.114764586765812027e+01
1.109419317122119608e+01
1.103956011087078615e+01
1.098376058414119427e+01
1.092680478255757848e+01
1.086870567715195435e+01
1.080947531245404925e+01
1.074912758599816875e+01
1.068768936635063049e+01
1.062518844858004385e+01
1.056165077475043645e+01
1.049710784593956703e+01
1.043158745721603964e+01
1.036511740364846013e+01
1.029772548030543611e+01
1.022943948225557342e+01
1.016028905757205258e+01
1.009030292782576765e+01
1.001950796158303625e+01
9.947933806917038879e+00
9.875607332394096716e+00
9.802558186087386716e+00
9.728813236563231825e+00
9.654402131894810779e+00
9.579352667150729417e+00
9.503692637399595355e+00
9.427451690714587329e+00
9.350656695662026507e+00
9.273337300315091625e+00
9.195520373240102074e+00
9.117234636007951920e+00
9.038509736691819896e+00
8.959373470360315395e+00
8.879851779077467810e+00
8.799976163921032324e+00
8.719773493457330105e+00
8.639271562754963441e+00
8.558500946389402841e+00
8.477487586424681254e+00
8.396260204431689189e+00
8.314846595479034264e+00
8.233277334142183435e+00
8.151579288987457872e+00
8.069780255083461640e+00
7.987908954001087913e+00
7.905994107311231645e+00
7.824063510082497785e+00
7.742145883885781288e+00
7.660269487040830327e+00
7.578463041118538968e+00
7.496753414685226602e+00
7.415170719065216076e+00
7.333741359573684448e+00
7.252495910786098676e+00
7.171460314766490818e+00
7.090665146090327831e+00
7.010136346821642661e+00
6.929903101782472596e+00
6.849986257274271573e+00
6.770406196347350303e+00
6.691184228554308611e+00
6.612341200196600433e+00
6.533896567822250923e+00
6.455871640983857240e+00
6.378287265982874210e+00
6.301163362618470209e+00
6.224521240443244174e+00
6.148380819256362706e+00
6.072763871861567964e+00
5.997690318058028325e+00
5.923180077644911279e+00
5.849254923425958097e+00
5.775934775200337157e+00
5.703240942520646506e+00
5.631192881934911298e+00
5.559812366246871917e+00
5.489119315255697629e+00
5.419135038513985592e+00
5.349879455820904184e+00
5.281373413477907341e+00
5.213637294535308442e+00
5.146692871796846980e+00
5.080559138559404886e+00
5.015257867626724320e+00
4.950808978797971882e+00
4.887233781625747397e+00
4.824551732658074243e+00
4.762785067949837803e+00
4.701953244049062342e+00
4.642077107257203572e+00
4.583177503875714542e+00
4.525274816954908630e+00
4.468389892796238883e+00
4.412543114450017789e+00
4.357755328217699287e+00
4.304047380400738199e+00
4.251439190798303791e+00
4.199951605711849112e+00
4.149605471442829874e+00
4.100421634292700901e+00
4.052420014060629683e+00
4.005621920299214267e+00
3.960047272807623475e+00
3.915717844389598135e+00
3.872652859967591343e+00
3.830873629094201593e+00
3.790400766445311209e+00
3.751251180687656284e+00
3.713425566697951652e+00
3.676920913343765029e+00
3.641734209492664576e+00
3.607862907263360785e+00
3.575303532272277707e+00
3.544053073386983499e+00
3.514109214351761157e+00
3.485468712408605896e+00
3.458128093173942208e+00
3.432085272017624700e+00
3.407336774556077419e+00
3.383879126405724858e+00
3.361710474561992790e+00
3.340827344641306151e+00
3.321226725511231770e+00
3.302905374413766193e+00
3.285860743467619915e+00
3.270089821540361097e+00
3.255589597499557453e+00
3.242357291838347422e+00
3.230389661798727996e+00
3.219683696248266447e+00
3.210236615680102101e+00
3.202045177336231063e+00
3.195107064960935439e+00
3.189418804170640165e+00
3.184977615458484568e+00
3.181780024440892252e+00
3.179824178113290323e+00
3.179105907215387106e+00
3.179623127117037651e+00
3.181372363434665562e+00
3.184350836661410611e+00
3.188555535664840512e+00
3.193983912563666205e+00
3.200632261348740126e+00
3.208498034138773214e+00
3.217578219801333628e+00
3.227870038829559807e+00
3.239370248465448743e+00
3.252076069202139319e+00
3.265984489907199251e+00
3.281092499448195809e+00
3.297397086692697155e+00
3.314895240508270557e+00
3.333584413013627401e+00
3.353461361450763345e+00
3.374522843061674493e+00
3.396766309965071784e+00
3.420185508270519037e+00
3.444762834434565324e+00
3.470475589151182039e+00
3.497304084246773304e+00
3.525225852040881680e+00
3.554220046232053232e+00
3.584264894016545799e+00
3.615339780718476170e+00
3.647423165159674685e+00
3.680493506161971684e+00
3.714529725798339843e+00
3.749510514516181559e+00
3.785414099511755115e+00
3.822219866109177300e+00
3.859905809879134786e+00
3.898451084520172749e+00
3.937834843730836809e+00
3.978034388205097471e+00
4.019029798143788135e+00
4.060798837492022528e+00
4.103320659948345828e+00
4.146573955960160873e+00
4.190537415974868729e+00
4.235189267188728124e+00
4.280508663300284233e+00
4.326474294756938122e+00
4.373064388754948517e+00
4.420258562244004708e+00
4.468034579169220422e+00
4.516371593229141723e+00
4.565247831620027341e+00
4.614642911291564786e+00
4.664534596188869564e+00
4.714901576759343627e+00
4.765723469952675373e+00
4.816977576462836197e+00
4.868644439741801833e+00
4.920700897232400450e+00
4.973127029135463673e+00
5.025900136144962893e+00
5.079000298461730623e+00
5.132405280030881478e+00
5.186094697802104747e+00
5.240045852469370935e+00
5.294238824233513441e+00
5.348650913788501882e+00
5.403262201335169657e+00
5.458050914069774606e+00
5.512995279188576347e+00
5.568074450390118280e+00
5.623267118121802355e+00
5.678552436082174637e+00
5.733910021220924413e+00
5.789319490487738307e+00
5.844760460832306492e+00
5.900212085953174146e+00
5.955654446051172890e+00
6.011066231573704677e+00
6.066427522721601129e+00
6.121717473193408310e+00
6.176916163189956954e+00
6.232002283158650791e+00
6.286955450049177330e+00
6.341756207313511418e+00
6.396382782147913559e+00
6.450815254753213601e+00
6.505033242079100830e+00
6.559015897824121311e+00
6.612742838937962553e+00
6.666193219119170621e+00
6.719347581819721249e+00
6.772184617487015501e+00
6.824683943070741776e+00
6.876825175520589362e+00
6.928586542032816986e+00
6.979949975812829166e+00
7.030893704056885518e+00
7.081396880463531218e+00
7.131439585233597001e+00
7.181000045563343370e+00
7.230059731407029844e+00
7.278597333212061038e+00
7.326592004676980352e+00
7.374023362751477961e+00
7.420871487636384600e+00
7.467114606527958998e+00
7.512733726129320111e+00
7.557707536887869892e+00
7.602015192502153518e+00
7.645636309921859386e+00
7.688551895850106455e+00
7.730739250980867006e+00
7.772179382017259108e+00
7.812850979406685603e+00
7.852734123349977224e+00
7.891807504294535924e+00
7.930051665692338325e+00
7.967445297990785491e+00
8.003968944641853156e+00
8.039600369590655049e+00
8.074322895796029798e+00
8.108130964244253391e+00
8.141020868926181819e+00
8.172987977330375742e+00
8.204031362954552264e+00
8.234144540282702707e+00
8.263327509314825292e+00
8.291573784534914893e+00
8.318883365942967956e+00
8.345250694525264024e+00
8.370672064272657309e+00
8.395145622180573142e+00
8.418665809235289288e+00
8.441232625436807524e+00
8.462840511771407392e+00
8.483485762229937777e+00
8.503166523807825783e+00
8.521879090495927400e+00
8.539618829782805065e+00
8.556383888663884107e+00
8.572169634627734069e+00
8.586974214669776728e+00
8.600792996278581626e+00
8.613623199947285869e+00
8.625462046169028341e+00
8.636305828934663253e+00
8.646149915732756597e+00
8.654993380061018371e+00
8.662829736403443448e+00
8.669658984760030052e+00
8.675475566117057724e+00
8.680276700967667125e+00
8.684059609804995361e+00
8.686819660117608422e+00
8.688554998900933413e+00
8.689261920145820994e+00
8.688935791340840709e+00
8.687574759481414333e+00
8.685175118558397855e+00
8.681733162562640160e+00
8.677246111987283683e+00
8.671710260823180860e+00
8.665121903061182351e+00
8.657478259194428816e+00
8.648775623213770913e+00
8.639011215612351080e+00
8.628181330381019976e+00
8.616282261510628260e+00
8.603312155996606592e+00
8.589265454825229185e+00
8.574143084498786038e+00
8.557956163044718068e+00
8.540718587997329081e+00
8.522444256890922887e+00
8.503146140757515070e+00
8.482841843140555227e+00
8.461541555565201378e+00
8.439261955072616672e+00
8.416016012694814918e+00
8.391817625966103478e+00
8.366682545425355499e+00
8.340621889100015451e+00
8.313652334031246482e+00
8.285786851251065954e+00
8.257040264796062345e+00
8.227424619195968347e+00
8.196957517994230003e+00
8.165650079218291779e+00
8.133517126904745709e+00
8.100574411592466717e+00
8.066833051308897495e+00
8.032309723095202969e+00
7.997016471481111388e+00
7.960969047005499455e+00
7.924180420700384531e+00
7.886666343104643317e+00
7.848438858748004954e+00
7.809511865164772360e+00
7.769902039396110460e+00
7.729621425971747506e+00
7.688684848928273752e+00
7.647105742548849783e+00
7.604898930870064966e+00
7.562078311426222221e+00
7.518657318500482134e+00
7.474650776129434959e+00
7.430072118596238617e+00
7.384937096439772475e+00
7.339257290938620670e+00
7.293048915882804017e+00
7.246324942304338990e+00
7.199099730988672619e+00
7.151387179470107824e+00
7.103202111785234862e+00
7.054557962217212541e+00
7.005468165049201446e+00
6.955948470820079166e+00
6.906011387310717176e+00
6.855671738557705730e+00
6.804944348597635972e+00
6.753842188462523488e+00
6.702384251449248431e+00
6.650588141101263950e+00
6.598470997710874641e+00
6.546051814574963323e+00
6.493347731985836369e+00
6.440377279989231596e+00
6.387158525379743601e+00
6.333709534951965203e+00
6.280047912249348663e+00
6.226191260815343576e+00
6.172158573946831872e+00
6.117967455187264036e+00
6.063635508080090553e+00
6.009181262671048351e+00
5.954623249005876140e+00
5.899977680874593844e+00
5.845264014825225729e+00
5.790499854401222279e+00
5.735703266397178979e+00
5.680891854356545423e+00
5.626084611576202654e+00
5.571298215097314710e+00
5.516551658216761744e+00
5.461862081226852794e+00
5.407248477424468014e+00
5.352728450353057887e+00
5.298319603556072899e+00
5.244040003828107643e+00
5.189908181214899940e+00
5.135941739259900274e+00
5.082158744757702351e+00
5.028577264502900768e+00
4.975215365290089231e+00
4.922090650662719113e+00
4.869221187415384122e+00
4.816625505593822076e+00
4.764321208741483460e+00
4.712325900401819645e+00
4.660658573871710786e+00
4.609336369443464143e+00
4.558377817162817536e+00
4.507800520573222336e+00
4.457622546469271363e+00
4.407861961645560100e+00
4.358537296147825479e+00
4.309665690268373872e+00
4.261265210801801651e+00
4.213354387793844857e+00
4.165950824787953977e+00
4.119071198825293045e+00
4.072723848426445414e+00
4.026916648860847658e+00
3.981657012146795349e+00
3.936952813553727726e+00
3.892810538597651693e+00
3.849237136045720042e+00
3.806241639295229184e+00
3.763830070611044132e+00
3.722010305262603236e+00
3.680789523642629568e+00
3.640174906143846645e+00
3.600174559661264873e+00
3.560795201336463656e+00
3.522044474813310178e+00
3.483929097233384287e+00
3.446457638742839169e+00
3.409636816483255117e+00
3.373473579221784036e+00
3.337976265479007054e+00
3.303151129145360798e+00
3.269006740366999342e+00
3.235549584659930478e+00
3.202787074042449333e+00
3.170726852158422648e+00
3.139376331026145550e+00
3.108742691038341555e+00
3.078833575838876957e+00
3.049655934194903217e+00
3.021217641375859575e+00
2.993525414523324990e+00
2.966587128906738702e+00
2.940410196544395394e+00
2.915001566203446970e+00
2.890369113153331337e+00
2.866519786161200400e+00
2.843461228870921342e+00
2.821200621675216347e+00
2.799745144966809818e+00
2.779102905640711718e+00
2.759280389212929840e+00
2.740285470952902980e+00
2.722125331253354208e+00
2.704807613758150264e+00
2.688339498860015109e+00
2.672728398577242981e+00
2.657981493302557396e+00
2.644106195054253483e+00
2.631110147476197980e+00
2.619000530961114404e+00
2.607781978020436764e+00
2.597449856142731051e+00
2.587996753309701692e+00
2.579414562626339169e+00
2.571696335325491578e+00
2.564833964512148512e+00
2.558820501419158511e+00
2.553648070777083223e+00
2.549309028942055910e+00
2.545796195521353500e+00
2.543101926871108365e+00
2.541218579347454654e+00
2.540138972557668406e+00
2.539854999606740105e+00
2.540359480101945788e+00
2.541644770399419162e+00
2.543703921732008322e+00
2.546528363953559637e+00
2.550111379922493704e+00
2.554444862743799671e+00
2.559522095275898135e+00
2.565334738998206632e+00
2.571875613518002535e+00
2.579137306816990716e+00
2.587111943625731936e+00
2.595792343551504011e+00
2.605170631324867703e+00
2.615239626553099495e+00
2.625991685592333535e+00
2.637418933173130586e+00
2.649514652153911243e+00
2.662270504014093042e+00
2.675679308360953357e+00
2.689733421550625003e+00
2.704425663190384466e+00
2.719748158010793837e+00
2.735693262367985934e+00
2.752253795869237685e+00
2.769422114870681906e+00
2.787190575728452302e+00
2.805551766424254190e+00
2.824498043314219942e+00
2.844021994380054874e+00
2.864115975977892248e+00
2.884772807715008991e+00
2.905984382696394697e+00
2.927743752154897461e+00
2.950043040821079376e+00
2.972874836676644872e+00
2.996231496077727652e+00
3.020104448878174086e+00
3.044480492420395645e+00
3.069345265918946186e+00
3.094684408588379121e+00
3.120483791268819029e+00
3.146729053174819768e+00
3.173405601895362693e+00
3.200499308270572829e+00
3.227995811515004032e+00
3.255880750843209270e+00
3.284139997095313568e+00
3.312758726234727114e+00
3.341723503978290211e+00
3.371019043038268936e+00
3.400631445880360371e+00
3.430546583344689981e+00
3.460749631394667070e+00
3.491226460870417103e+00
3.521962942612064662e+00
3.552944947459735658e+00
3.584157188125696170e+00
3.615586461952357666e+00
3.647217944903131226e+00
3.679037276192568928e+00
3.711030095035225074e+00
3.743182040645652631e+00
3.775479447115120735e+00
3.807907027155894575e+00
3.840450651608100507e+00
3.873096654563006780e+00
3.905829748732879469e+00
3.938636731460130491e+00
3.971502083831455199e+00
4.004412834814837119e+00
4.037352770620255882e+00
4.070309383466837794e+00
4.103267849317993488e+00
4.136213344137133596e+00
4.169131970389953423e+00
4.202008904039864490e+00
4.234830247552562099e+00
4.267582103393744219e+00
4.300249184275676484e+00
4.332817592664056860e+00
4.365273431024580653e+00
4.397601412069515270e+00
4.429788101515701015e+00
4.461819138577690858e+00
4.493679235967751318e+00
4.525354959402723587e+00
4.556832874599446193e+00
4.588102326781621443e+00
4.619154977428666875e+00
4.649982024768857691e+00
4.680573277277036759e+00
4.710920396432623392e+00
4.741014117212748680e+00
4.770845637845687826e+00
4.800406156559714255e+00
4.829685481829672611e+00
4.858675738386124543e+00
4.887367661206201142e+00
4.915751522015891162e+00
4.943818982294611253e+00
4.971560313768350170e+00
4.998967177916526339e+00
5.026029846465125850e+00
5.052739517642424794e+00
5.079087389676697484e+00
5.105064197545075011e+00
5.130660676224688466e+00
5.155868487194955385e+00
5.180677438930721301e+00
5.205079656162547863e+00
5.229064947365277938e+00
5.252625437269474062e+00
5.275750934349980881e+00
5.298433100086215042e+00
5.320662669455309413e+00
5.342430840685538307e+00
5.363727885502887816e+00
5.384545465386778140e+00
5.404874315314339484e+00
5.424705170262703824e+00
5.444028765209000476e+00
5.462836761632649640e+00
5.481119431259638297e+00
5.498867972318240760e+00
5.516073583036732231e+00
5.532726535141100577e+00
5.548818490110762447e+00
5.564339719671707485e+00
5.579281885303353228e+00
5.593635721982829878e+00
5.607391501436126191e+00
5.620541348393803815e+00
5.633075534581849730e+00
5.644984331726252691e+00
5.656259864557573458e+00
5.666892404801799898e+00
5.676874540440636885e+00
5.686207661227514976e+00
5.694893156915864729e+00
5.702932880510259039e+00
5.710330074768703135e+00
5.717085666193483462e+00
5.723202897542604362e+00
5.728683621820637839e+00
5.733529692032160341e+00
5.737743887684030319e+00
5.741328061780823333e+00
5.744284067327111387e+00
5.746614683829756487e+00
5.748321764293331526e+00
5.749408088224696733e+00
5.749875045377284444e+00
5.749725415257953109e+00
5.748960587620134177e+00
5.747583805221831987e+00
5.745596457816476210e+00
5.743001324910927075e+00
5.739799796258616027e+00
5.735995114617545632e+00
5.731588206490005000e+00
5.726582777885139919e+00
5.720979755305236836e+00
5.714781918257158644e+00
5.707991582996620572e+00
5.700610602528196402e+00
5.692640829856460805e+00
5.684085044488274896e+00
5.674945099428210682e+00
5.665223774183130168e+00
5.654922921757606247e+00
5.644044395156213589e+00
5.632590973885811536e+00
5.620564047699832422e+00
5.607966396105134699e+00
5.594799872106293925e+00
5.581067255210169442e+00
5.566770398421335031e+00
5.551911154744365362e+00
5.536491840434977441e+00
5.520515235000031495e+00
5.503983191444101308e+00
5.486897562771760661e+00
5.469261128489870671e+00
5.451075278351861009e+00
5.432342791864592790e+00
5.413065985283783021e+00
5.393248101367435154e+00
5.372897478636132540e+00
5.352025235117316093e+00
5.330639709331569165e+00
5.308752482557476782e+00
5.286372356566764630e+00
5.263510449386875401e+00
5.240176026040678003e+00
5.216378814802183683e+00
5.192129933698836020e+00
5.167437721251216587e+00
5.142313758737912188e+00
5.116767774432933180e+00
5.090809033359150249e+00
5.064447727041717862e+00
5.037694973508079599e+00
5.010558648027672923e+00
4.983050795130226973e+00
4.955180679838612434e+00
4.926958030426839663e+00
4.898392575168921681e+00
4.869495432092300291e+00
4.840275402968702068e+00
4.810743605825569702e+00
4.780909305685770327e+00
4.750782694074460188e+00
4.720373499265653194e+00
4.689692376035646149e+00
4.658748589407308849e+00
4.627552794156940763e+00
4.596114255307409913e+00
4.564443627635015766e+00
4.532550639413771343e+00
4.500445482168831113e+00
4.468137884174207208e+00
4.435638500206199986e+00
4.402956132036534243e+00
4.370101434441508559e+00
4.337085062197422403e+00
4.303915817076001460e+00
4.270604353853544310e+00
4.237160864055207199e+00
4.203595075955001370e+00
4.169916717826940733e+00
4.136135981196178868e+00
4.102263057587872908e+00
4.068308138527178208e+00
4.034280489036963679e+00
4.000191227144672013e+00
3.966049154622027562e+00
3.931864926245330238e+00
3.897646880535161618e+00
3.863404977391105888e+00
3.829147323708173456e+00
3.794883184509232787e+00
3.760621593191581180e+00
3.726371583152515488e+00
3.692141261287046117e+00
3.657940819120328424e+00
3.623778363547372372e+00
3.589663391216619370e+00
3.555604703899794217e+00
3.521610408491907318e+00
3.487690696518114031e+00
3.453853674873424762e+00
3.420108376955136364e+00
3.386464067786118193e+00
3.352929780763666656e+00
3.319514549285079053e+00
3.286226248619793733e+00
3.253075070292966942e+00
3.220069584450751865e+00
3.187218361239302133e+00
3.154530665681486212e+00
3.122015531174602287e+00
3.089681527864802657e+00
3.057537920774957119e+00
3.025593743302362082e+00
2.993857797218743233e+00
2.962338884295825814e+00
2.931046037930906678e+00
2.899988291521283568e+00
2.869174678464252892e+00
2.838613768905968726e+00
2.808314827869299535e+00
2.778286888751542616e+00
2.748538753324423212e+00
2.719078991734094952e+00
2.689917332254570415e+00
2.661062113406430729e+00
2.632522600212545250e+00
2.604307362819067606e+00
2.576425666248866708e+00
2.548886543899238966e+00
2.521698565916338897e+00
2.494870997323034523e+00
2.468412639891051974e+00
2.442332295392115604e+00
2.416639460474666823e+00
2.391342473659287204e+00
2.366449441840986712e+00
2.341962681275482794e+00
2.317883581716206010e+00
2.294213996167729697e+00
2.270954619506769134e+00
2.248107304737898549e+00
2.225673441614547166e+00
2.203653956639003209e+00
2.182050702815839127e+00
2.160864838272914756e+00
2.140097752763659322e+00
2.119750836041503828e+00
2.099825477859878387e+00
2.080323067972213114e+00
2.061244996131939011e+00
2.042592652092485750e+00
2.024367193981711832e+00
2.006570474804191484e+00
1.989203189436639763e+00
1.972267422509202062e+00
1.955764100524165050e+00
1.939694729047745314e+00
1.924060697833372968e+00
1.908863280821692321e+00
1.894103983578919737e+00
1.879784311671271579e+00
1.865905307413820102e+00
1.852468476372781891e+00
1.839475208301587061e+00
1.826927124579237782e+00
1.814825267520806751e+00
1.803171026879724081e+00
1.791965908222206361e+00
1.781211301301683481e+00
1.770908595871586222e+00
1.761058950059772643e+00
1.751664101058031164e+00
1.742724975368648233e+00
1.734243425996197852e+00
1.726220611068538524e+00
1.718657804526315003e+00
1.711556511935742986e+00
1.704918007237467226e+00
1.698743795997703643e+00
1.693035267969883018e+00
1.687793697094649437e+00
1.683020473125433236e+00
1.678716985815664975e+00
1.674884624918774767e+00
1.671524780188192949e+00
1.668637451623919743e+00
1.666218469965663695e+00
1.664261581322988848e+00
1.662761574120531272e+00
1.661712078655068758e+00
1.661107651725665990e+00
1.660942502693029788e+00
1.661210725105081387e+00
1.661906644135313416e+00
1.663024469144433359e+00
1.664558525305933623e+00
1.666502790354949859e+00
1.668851705277760500e+00
1.671599479435072588e+00
1.674740322187593389e+00
1.678268327083243694e+00
1.682178050921088408e+00
1.686463239810690906e+00
1.691118566363901454e+00
1.696137776690284094e+00
1.701515659214474674e+00
1.707245960046037236e+00
1.713323235984035797e+00
1.719741580576391815e+00
1.726495203183812555e+00
1.733578313167004392e+00
1.740985235699460620e+00
1.748710180141888282e+00
1.756747124229422363e+00
1.765090856386699603e+00
1.773734891097711319e+00
1.782674016787094251e+00
1.791902095377197579e+00
1.801413567854299957e+00
1.811202759391894679e+00
1.821263531912330702e+00
1.831590442214672709e+00
1.842177583846842159e+00
1.853019166169545651e+00
1.864109398543490448e+00
1.875442721954955205e+00
1.887012882513503520e+00
1.898814668643771464e+00
1.910841826455323078e+00
1.923088912747222379e+00
1.935550136880176852e+00
1.948219592402107292e+00
1.961091488673720962e+00
1.974160266681296294e+00
1.987419904159968942e+00
2.000864378844874114e+00
2.014486741968859906e+00
2.028279813139203025e+00
2.042235717086465563e+00
2.056347736669066784e+00
2.070607996617569224e+00
2.085009779790392148e+00
2.099545210918097204e+00
2.114206877982390154e+00
2.128988063841690259e+00
2.143881124852130782e+00
2.158878648995417038e+00
2.173973455878825956e+00
2.189157901858489907e+00
2.204425038167258322e+00
2.219766989535691959e+00
2.235177038822211415e+00
2.250647774008521562e+00
2.266171551450755217e+00
2.281740959130617696e+00
2.297349048280957540e+00
2.312988175257907564e+00
2.328651391294316753e+00
2.344331052746317923e+00
2.360019747595616391e+00
2.375710527075060252e+00
2.391395515915211156e+00
2.407067765348917199e+00
2.422720094983455308e+00
2.438344629549387133e+00
2.453934651905132824e+00
2.469482286781254032e+00
2.484980353785026796e+00
2.500421672523728489e+00
2.515798830979063538e+00
2.531104417132737261e+00
2.546331482217597753e+00
2.561472150964207106e+00
2.576519474605412974e+00
2.591465809497349504e+00
2.606303975247292737e+00
2.621026791462519157e+00
2.635626614499162468e+00
2.650096495590071211e+00
2.664428559465806590e+00
2.678616088984788757e+00
2.692651208877579361e+00
2.706526970377026498e+00
2.720236193090407539e+00
2.733770770122711191e+00
2.747124679209073772e+00
2.760293982714775662e+00
2.773275901132956189e+00
2.786066496828896177e+00
2.798663221921306565e+00
2.811062602026611845e+00
2.823262089263522956e+00
2.835257977622892334e+00
2.847047255972287250e+00
2.858626681553704252e+00
2.869993474860282667e+00
2.881144393134018156e+00
2.892076425242477988e+00
2.902785865176515490e+00
2.913270165054841154e+00
2.923526082119451530e+00
2.933550373612341389e+00
2.943339796775507722e+00
2.952891572102089413e+00
2.962202225208510953e+00
2.971268744962339614e+00
2.980088120231143556e+00
2.988656876631346382e+00
2.996972234656087863e+00
3.005030951547363660e+00
3.012830016172741487e+00
3.020366185774217449e+00
3.027636217593787205e+00
3.034637332124590525e+00
3.041365823357479403e+00
3.047818911785593610e+00
3.053993354650928804e+00
3.059886372446624314e+00
3.065494490789104187e+00
3.070814698545936583e+00
3.075843521333545549e+00
3.080578642896214081e+00
3.085015893973650503e+00
3.089153189935709864e+00
3.092986593147672547e+00
3.096513092477106710e+00
3.099729908417151680e+00
3.102633798209803118e+00
3.105221519097056682e+00
3.107489828320908920e+00
3.109435946374498716e+00
3.111056398874250561e+00
3.112348174687732172e+00
3.113308262682510819e+00
3.113933188475010994e+00
3.114221330686230083e+00
3.114173847444027921e+00
3.113793518255263848e+00
3.113082891001227370e+00
3.112044513563207548e+00
3.110680933822492999e+00
3.108994931285944396e+00
3.106988822209279189e+00
3.104665386099357605e+00
3.102027170837468706e+00
3.099076724304901997e+00
3.095816594382945652e+00
3.092249328952888732e+00
3.088377707521591908e+00
3.084204046344772632e+00
3.079731356554862742e+00
3.074961722782008522e+00
3.069898156158641367e+00
3.064542741314907559e+00
3.058898489383238939e+00
3.052967484993781344e+00
3.046752970904538671e+00
3.040257263371228369e+00
3.033482678649566999e+00
3.026432227871987735e+00
3.019108227294207136e+00
3.011513224797514265e+00
3.003649999888770239e+00
2.995521100449263230e+00
2.987128842734710688e+00
2.978476006251973729e+00
2.969565370507912139e+00
2.960399251758243810e+00
2.950979966258685749e+00
2.941310756767242296e+00
2.931393939539630011e+00
2.921231830831566345e+00
2.910827210149912414e+00
2.900182857001528447e+00
2.889301087642131449e+00
2.878184449953010482e+00
2.866835723441026218e+00
2.855257455987468163e+00
2.843451963848052433e+00
2.831422258155212202e+00
2.819170655164664030e+00
2.806699471132125812e+00
2.794011948815600999e+00
2.781110404470807485e+00
2.767997154353461831e+00
2.754675209595996321e+00
2.741149897586561135e+00
2.727426082462162338e+00
2.713508859985377164e+00
2.699403789169926959e+00
2.685115502527246623e+00
2.670650253947772779e+00
2.656012212691795327e+00
2.641207401024179724e+00
2.626240683081932481e+00
2.611117386253202000e+00
2.595842374674995234e+00
2.580421438986605143e+00
2.564859443325037791e+00
2.549161946704014081e+00
2.533333813260540524e+00
2.517380602008338020e+00
2.501307177084413080e+00
2.485118865876915439e+00
2.468821227399565554e+00
2.452419125789370380e+00
2.435918120060050374e+00
2.419323074348612490e+00
2.402639547668777631e+00
2.385872635783123474e+00
2.369027434454228143e+00
2.352109271070241370e+00
2.335123473019312001e+00
2.318075136064018160e+00
2.300969819218081636e+00
2.283812154992936438e+00
2.266607934027875082e+00
2.249361788834332909e+00
2.232079741677174045e+00
2.214766425067832945e+00
2.197427166394459341e+00
2.180067524670774137e+00
2.162692364033783843e+00
2.145307011871638192e+00
2.127916795572486031e+00
2.110526810898905481e+00
2.093142153613474665e+00
2.075768614355486541e+00
2.058411057261947175e+00
2.041074346469862189e+00
2.023764272618525428e+00
2.006486163096085740e+00
1.989244650413977578e+00
1.972045061960350898e+00
1.954893188374498658e+00
1.937793662167854869e+00
1.920750189349567316e+00
1.903766360115997758e+00
1.886845648850721702e+00
1.869991529937315322e+00
1.853207825197711545e+00
1.836497777389914710e+00
1.819864860897500547e+00
1.803312665916830815e+00
1.786844898457052855e+00
1.770464801276171007e+00
1.754176080383332392e+00
1.737982325974899211e+00
1.721886664996089111e+00
1.705893035081621711e+00
1.690004678989500908e+00
1.674225302728874265e+00
1.658558264870531929e+00
1.643007271423621019e+00
1.627575796771717487e+00
1.612267315298397286e+00
1.597085185574450339e+00
1.582033229421809795e+00
1.567114805411265799e+00
1.552333272113608054e+00
1.537692451350770151e+00
1.523195701693542015e+00
1.508846613338285403e+00
1.494648660668575824e+00
1.480605202255203423e+00
1.466720059920101349e+00
1.452996592234059969e+00
1.439438389393440598e+00
1.426048809969033160e+00
1.412831559969985218e+00
1.399789997967086919e+00
1.386927945782271410e+00
1.374248414547970976e+00
1.361755457711691042e+00
1.349452202218649699e+00
1.337342354077994289e+00
1.325429271860514735e+00
1.313716661575358824e+00
1.302208113418888091e+00
1.290906870149106433e+00
1.279816637775161636e+00
1.268940890680629430e+00
1.258283103249085544e+00
1.247846865676891737e+00
1.237635652347623516e+00
1.227652242768141999e+00
1.217896984376804381e+00
1.208369529735253245e+00
1.199069068153987283e+00
1.189995368007435328e+00
1.181147966044453490e+00
1.172526283201112740e+00
1.164129972039055216e+00
1.155958685119923501e+00
1.148011611754216732e+00
1.140288636129148658e+00
1.132789179180790251e+00
1.125512777657998287e+00
1.118458852496842848e+00
1.111627056258966961e+00
1.105017041506012765e+00
1.098628229174050785e+00
1.092460156011938022e+00
1.086512358768530806e+00
1.080784374192685471e+00
1.075275854846044821e+00
1.069986221664679382e+00
1.064915011397445710e+00
1.060061760793200580e+00
1.055426122413585910e+00
1.051007517194672891e+00
1.046805597698103663e+00
1.042819784859949195e+00
1.039049731241851626e+00
1.035494857779881706e+00
1.032154932848467821e+00
1.029029145758108887e+00
1.026117380696019099e+00
1.023418826972697371e+00
1.020933368775357897e+00
1.018660427040071204e+00
1.016599422702908484e+00
1.014750124138297460e+00
1.013111836469523075e+00
1.011684096445442105e+00
1.010466788253268744e+00
1.009459101203501685e+00
1.008660803670569317e+00
1.008071200777756582e+00
1.007689945086705618e+00
1.007516689159059231e+00
1.007550853930887946e+00
1.007791976151048319e+00
1.008239708381182709e+00
1.008893355744576059e+00
1.009752339177298897e+00
1.010813415921347325e+00
1.012073459031503253e+00
1.013529225749762119e+00
1.015177241692548638e+00
1.017014264101858467e+00
1.019036818594116101e+00
1.021241778224102781e+00
1.023625668608243222e+00
1.026185131175747056e+00
1.028917038981396415e+00
1.031817801828829539e+00
1.034884292772828340e+00
1.038113153242602449e+00
1.041501024667362385e+00
1.045044664289103808e+00
1.048740481911465183e+00
1.052585350589228197e+00
1.056575795938817341e+00
1.060708806827799888e+00
1.064980793059814301e+00
1.069388396064070657e+00
1.073928373082564836e+00
1.078597481357292942e+00
1.083392246504679024e+00
1.088309309953933157e+00
1.093345544759837029e+00
1.098497476538815132e+00
1.103761746720077097e+00
1.109135228358405056e+00
1.114614331257437474e+00
1.120195812659169787e+00
1.125876429805598322e+00
1.131652708313147127e+00
1.137521521236597888e+00
1.143479510005160904e+00
1.149523084422474417e+00
1.155649117543319893e+00
1.161854250796908072e+00
1.168135241425234172e+00
1.174488615044722906e+00
1.180911128897369933e+00
1.187399424412385551e+00
1.193950143018979393e+00
1.200560041959147783e+00
1.207225646849314771e+00
1.213943830744262264e+00
1.220711119260414312e+00
1.227524153826980990e+00
1.234379807498743986e+00
1.241274490079341986e+00
1.248205422061914094e+00
1.255169013250098553e+00
1.262162484137034912e+00
1.269182476151933248e+00
1.276225862349575246e+00
1.283289631597528624e+00
1.290370541137789262e+00
1.297465579837924876e+00
1.304571389127145320e+00
1.311685073685804337e+00
1.318803274943111781e+00
1.325922865953849783e+00
1.333041067211157227e+00
1.340154288518672798e+00
1.347259518743963991e+00
1.354353746754598520e+00
1.361433845605358073e+00
1.368496456725452948e+00
1.375538568982450416e+00
1.382557055431132609e+00
1.389548789126280992e+00
1.396510643122677697e+00
1.403439258849532578e+00
1.410331856799984962e+00
1.417185078403245146e+00
1.423995796714094597e+00
1.430760884787315224e+00
1.437477099864902907e+00
1.444141546627211392e+00
1.450750982316236337e+00
1.457302164173973624e+00
1.463792081067991191e+00
1.470217490240284697e+00
1.476575380558422079e+00
1.482862393451612970e+00
1.489075633600211113e+00
1.495211742433426805e+00
1.501267824631612902e+00
1.507240637436765951e+00
1.513126938090881834e+00
1.518923599648741796e+00
1.524627610977913994e+00
1.530235729320394311e+00
1.535744827730964213e+00
1.541151779264405608e+00
1.546453572788286435e+00
1.551646965544602352e+00
1.556728714775349243e+00
1.561695693535309015e+00
1.566545353943192609e+00
1.571276190432783881e+00
1.575887623940153803e+00
1.580378612150229234e+00
1.584748344373509532e+00
1.588996009920493391e+00
1.593120798101679725e+00
1.597121782414782087e+00
1.600998036357513143e+00
1.604748865053158058e+00
1.608373457812215523e+00
1.611870888132398871e+00
1.615240229511421211e+00
1.618480555446995428e+00
1.621591286875192717e+00
1.624571497293725741e+00
1.627420144387521805e+00
1.630136649092651879e+00
1.632719969094043044e+00
1.635169293702194215e+00
1.637483812227604307e+00
1.639662713980772679e+00
1.641705072459412218e+00
1.643609961161236033e+00
1.645376801022314650e+00
1.647004433914789789e+00
1.648492280774731977e+00
1.649839299287068739e+00
1.651044678762298545e+00
1.652107608510920755e+00
1.653027162030648478e+00
1.653802644444766434e+00
1.654433129250987733e+00
1.654917689947025705e+00
1.655255631656164850e+00
1.655446027876118498e+00
1.655487836291813952e+00
1.655380477839321740e+00
1.655123141829141220e+00
1.654714670133413223e+00
1.654154483688208943e+00
1.653441655991241044e+00
1.652575144727437273e+00
1.651554486645653963e+00
1.650378639430818195e+00
1.649046560767857716e+00
1.647557671592842610e+00
1.645911161216272234e+00
1.644105871510288086e+00
1.642141223410960693e+00
1.640016753667146387e+00
1.637734083657847561e+00
1.635295066387637997e+00
1.632701902299448893e+00
1.629956560210639616e+00
1.627061240564142031e+00
1.624017680551743670e+00
1.620828196429161761e+00
1.617494641200970085e+00
1.614018983684528452e+00
1.610403540135553868e+00
1.606650163558620115e+00
1.602760938583872585e+00
1.598737834028671090e+00
1.594582934523161022e+00
1.590298324697487997e+00
1.585885857556225353e+00
1.581347849355090762e+00
1.576686153098657783e+00
1.571902737604286004e+00
1.566999919127692653e+00
1.561979434860665705e+00
1.556843485246136360e+00
1.551594039101464206e+00
1.546232949431223247e+00
1.540762764116702321e+00
1.535184988724117350e+00
1.529502055321971588e+00
1.523715701102053011e+00
1.517828126507293041e+00
1.511841300355050821e+00
1.505757307275472412e+00
1.499578116085916957e+00
1.493305811416530293e+00
1.486942477897457593e+00
1.480490084346058666e+00
1.473950715392478905e+00
1.467326339854078121e+00
1.460618926548215679e+00
1.453830675917823001e+00
1.446963440967473868e+00
1.440019537952885509e+00
1.433000819878631704e+00
1.425909255562071820e+00
1.418746929633351694e+00
1.411516042535402526e+00
1.404218447272798098e+00
1.396856228475683581e+00
1.389431354961419229e+00
1.381945911360149770e+00
1.374401982302021263e+00
1.366800610102106184e+00
1.359142952888263256e+00
1.351430516226708622e+00
1.343664110806943146e+00
1.335844894756825552e+00
1.327974489455358009e+00
1.320053589779255354e+00
1.312083585481948367e+00
1.304065518878509300e+00
1.296000663909582906e+00
1.287890294515813494e+00
1.279735221386702149e+00
1.271537065901251040e+00
1.263296638748961032e+00
1.255015329683262459e+00
1.246694181019228020e+00
1.238334466697502245e+00
1.229937229033158053e+00
1.221503741966839529e+00
1.213035279439191205e+00
1.204532652139714388e+00
1.195997365634624998e+00
1.187430462238995954e+00
1.178833100080685758e+00
1.170206668913124526e+00
1.161551863613027757e+00
1.152870305559397401e+00
1.144162921254520127e+00
1.135431100451826492e+00
1.126675769653603387e+00
1.117898202800495122e+00
1.109099558020360421e+00
1.100281109253843592e+00
1.091443783003231527e+00
1.082589084834740589e+00
1.073717941250657448e+00
1.064831510378840829e+00
1.055931066159935261e+00
1.047017766721799026e+00
1.038092770192291070e+00
1.029157234699269896e+00
1.020212318370594007e+00
1.011259179334122127e+00
1.002299091530498565e+00
9.933330972747963505e-01
9.843624705076595705e-01
9.753882535441611434e-01
9.664117782313385030e-01
9.574340868842642349e-01
