# bin_1_1
2.610037301429027075e-09
2.650246748214375781e-09
2.695883914651707091e-09
2.747683895343685943e-09
2.806237644330374313e-09
2.871912739502520000e-09
2.945473984241991986e-09
3.027958681973553544e-09
3.119972004542118793e-09
3.221039883725560430e-09
3.331391063945341099e-09
3.452208032052170710e-09
3.582347469985246242e-09
3.721284407733008749e-09
3.867553293223993846e-09
4.021900380762800706e-09
4.179576045730358931e-09
4.335596156644043941e-09
4.482886526638328132e-09
4.617827980324193241e-09
4.735118454734778108e-09
4.839070933827109226e-09
4.923037013850594106e-09
4.971055032315255357e-09
4.972329073573799225e-09
4.933376157999235422e-09
4.849960316976921884e-09
4.713868843230266623e-09
4.520202445108517201e-09
4.278678573172580509e-09
3.990254129944240522e-09
3.657234571292969824e-09
3.297528204273531163e-09
2.916474814253526992e-09
2.533611424599863725e-09
2.159745073300723068e-09
1.811830400292827584e-09
1.498947831513248483e-09
1.228446278334824635e-09
1.001606657911358229e-09
8.140715152824417396e-10
6.586163690890451274e-10
5.277034657922404785e-10
4.160397832767425049e-10
3.215923372776341475e-10
2.447205626030132810e-10
1.851314681371712372e-10
1.399803050487893930e-10
1.052351418231702822e-10
7.829112860285049735e-11
5.792820140833940501e-11
4.277213159591920859e-11
3.148280813952063437e-11
2.313868477385727063e-11
1.701175888168529265e-11
1.252695215105614736e-11
9.255099375300569946e-12
6.870991560705585628e-12
5.133131734802733410e-12
3.863364659225023201e-12
2.932186582457682578e-12
2.245739108856868354e-12
1.735953238363537523e-12
1.353858240561898138e-12
1.064481897981617519e-12
8.428820941778881879e-13
6.712629185214414523e-13
5.368959758365694591e-13
4.306600223152887088e-13
3.459744220152906871e-13
2.780453176271390583e-13
2.233340596117742296e-13
1.791825880256389270e-13
1.435538282446351035e-13
1.148485207201369327e-13
9.178157577654960278e-14
7.329790380425835264e-14
5.852040683804628387e-14
4.672772720013972209e-14
3.731558099716383622e-14
2.980241984722047191e-14
2.380501186610111050e-14
1.902516549547977169e-14
1.521047926450034530e-14
1.216921178663790013e-14
9.745721231809940275e-15
7.816756969010448333e-15
6.281711822396328823e-15
5.062833929057266602e-15
4.097472198604671013e-15
3.335125858369077979e-15
2.735100153512264522e-15
2.267154473440799217e-15
1.904462868343121582e-15
1.626796116063922540e-15
1.418478122746761282e-15
1.265341368541617774e-15
1.156859422843466620e-15
1.083429059071763256e-15
1.037309661651125860e-15
