0.03741 0.00577  0.98154 0.00459
0.07391 0.00523  0.93613 0.00714
0.14651 0.01072  0.80707 0.00286
0.18253 0.01788  0.74428 0.00183
0.27370 0.01801  0.52971 0.00371
0.36501 0.01917  0.33890 0.00364
0.45566 0.02719  0.20242 0.00281
0.03235 0.00510  0.99193 0.00478
0.06411 0.00523  0.97075 0.00652
0.12683 0.00894  0.85683 0.00193
0.15809 0.01562  0.79375 0.00176
0.23707 0.01568  0.60086 0.00257
0.31609 0.01626  0.42195 0.00400
0.39487 0.02373  0.27678 0.00404
0.04309 0.01154  1.01616 0.01208
0.04848 0.00499  0.98844 0.00700
0.09577 0.00692  0.91165 0.00153
0.11939 0.01200  0.87037 0.00156
0.17906 0.01209  0.74272 0.00209
0.23875 0.01255  0.59922 0.00278
0.29819 0.01805  0.46340 0.00328
0.35779 0.01784  0.34422 0.00351
0.41714 0.01759  0.24569 0.00293
0.02065 0.00374  1.02320 0.00840
0.04094 0.00482  0.99223 0.00700
0.08084 0.00589  0.94039 0.00294
0.10083 0.01021  0.90678 0.00187
0.15120 0.01063  0.81745 0.00224
0.20164 0.01082  0.71213 0.00228
0.25187 0.01523  0.59995 0.00262
0.30218 0.01519  0.48341 0.00254
0.35232 0.01487  0.38653 0.00339
0.45265 0.01988  0.18700 0.00310
0.01596 0.00308  1.03536 0.00829
0.03152 0.00390  1.00013 0.00804
0.06252 0.00503  0.96938 0.00235
0.07800 0.00802  0.95055 0.00187
0.11694 0.00805  0.88815 0.00181
0.15588 0.00845  0.81609 0.00128
0.19491 0.01193  0.72357 0.00179
0.23391 0.01178  0.63461 0.00227
0.27263 0.01153  0.53851 0.00294
0.35040 0.01540  0.36388 0.00337
0.38848 0.01959  0.28838 0.00243
0.42744 0.01958  0.22298 0.00209
0.54658 0.02733  0.10810 0.00239
0.63768 0.02733  0.05188 0.00138
0.81987 0.03644  0.00699 0.00025
0.91097 0.04555  0.00303 0.00111
0.47408 0.02370  0.17652 0.00287
0.55309 0.02370  0.10018 0.00220
0.71112 0.03161  0.02552 0.00092
0.79013 0.03951  0.00743 0.00032
0.86914 0.03951  0.00125 0.00070
0.53198 0.02364  0.10041 0.00206
0.49957 0.02498  0.12068 0.00570
0.54952 0.02498  0.08852 0.00221
