0.03741	0.0058	0.98364	0.00461
0.07391	0.00527	0.93932	0.00679
0.14651	0.01076	0.82547	0.00271
0.18255	0.01791	0.76698	0.00203
0.27374	0.01801	0.56331	0.00303
0.36503	0.0192	0.36798	0.00296
0.45571	0.02721	0.2237	0.00276
0.03235	0.00513	0.99264	0.00494
0.06411	0.00527	0.97389	0.00598
0.12684	0.009	0.86908	0.00226
0.15811	0.01566	0.81816	0.00162
0.23709	0.01571	0.64211	0.00215
0.31612	0.01629	0.46635	0.00316
0.39491	0.02376	0.31492	0.00357
0.02451	0.00503	0.99629	0.00652
0.04849	0.00503	0.98734	0.00686
0.09578	0.00696	0.91858	0.00164
0.1194	0.01202	0.88383	0.00134
0.17907	0.01211	0.76461	0.00193
0.23877	0.01259	0.63103	0.00204
0.29821	0.01805	0.49787	0.00301
0.35782	0.01785	0.37523	0.00338
0.41716	0.0176	0.27177	0.00284
0.02065	0.00375	1.02246	0.00829
0.04095	0.00485	0.99411	0.00726
0.08084	0.0059	0.94258	0.00281
0.10083	0.01022	0.91051	0.00186
0.1512	0.01065	0.82505	0.00212
0.20164	0.01083	0.7241	0.00197
0.25187	0.01524	0.61135	0.00262
0.30219	0.0152	0.49545	0.00257
0.35232	0.01487	0.39823	0.00325
0.45269	0.01988	0.21621	0.00283
0.01596	0.00309	1.03681	0.00823
0.03152	0.00391	0.99999	0.00788
0.06252	0.00504	0.96835	0.00251
0.078	0.00802	0.95149	0.00192
0.11694	0.00805	0.89236	0.00163
0.15589	0.00846	0.8227	0.0013
0.19491	0.01193	0.73773	0.00176
0.23392	0.01178	0.65196	0.00217
0.27264	0.01154	0.56247	0.00255
0.35042	0.0154	0.39386	0.0031
0.38852	0.01959	0.31793	0.00246
0.42747	0.01959	0.24846	0.00221
0.54658	0.02733	0.12278	0.00237
0.63768	0.02733	0.05957	0.00148
0.81987	0.03644	0.00764	0.00024
0.91097	0.04555	0.00255	0.00116
0.47408	0.0237	0.2017	0.0025
0.55309	0.0237	0.11632	0.00207
0.71112	0.03161	0.02891	0.00097
0.79013	0.03951	0.009	0.00037
0.86914	0.03951	0.00166	0.00072
0.53198	0.02364	0.12021	0.00218
0.49957	0.02498	0.14924	0.00654
0.54952	0.02498	0.10917	0.00218
