0.03741 0.00578  0.98195 0.00495
0.07391 0.00525  0.93878 0.00674
0.14651 0.01074  0.82095 0.00277
0.18254 0.01789  0.75861 0.00168
0.27371 0.01802  0.55204 0.00294
0.36502 0.01918  0.35727 0.00352
0.45568 0.02720  0.21671 0.00295
0.03235 0.00512  0.99175 0.00509
0.06411 0.00526  0.97129 0.00639
0.12684 0.00898  0.86485 0.00153
0.15810 0.01564  0.80966 0.00176
0.23708 0.01570  0.62907 0.00229
0.31611 0.01628  0.45315 0.00350
0.39491 0.02374  0.30306 0.00361
0.02451 0.00500  0.99930 0.00605
0.04848 0.00502  0.98744 0.00695
0.09578 0.00695  0.91668 0.00161
0.11940 0.01201  0.87962 0.00139
0.17906 0.01211  0.75809 0.00192
0.23876 0.01258  0.62152 0.00223
0.29820 0.01805  0.48710 0.00308
0.35781 0.01785  0.36569 0.00338
0.41716 0.01760  0.26389 0.00278
0.02065 0.00375  1.02233 0.00833
0.04095 0.00484  0.99345 0.00740
0.08084 0.00590  0.94183 0.00284
0.10083 0.01021  0.90937 0.00186
0.15120 0.01064  0.82258 0.00210
0.20164 0.01083  0.72070 0.00206
0.25187 0.01524  0.60771 0.00269
0.30219 0.01519  0.49162 0.00253
0.35232 0.01487  0.39466 0.00325
0.45268 0.01988  0.20729 0.00285
0.01596 0.00308  1.03585 0.00820
0.03152 0.00390  1.00020 0.00793
0.06253 0.00504  0.96946 0.00229
0.07800 0.00802  0.95159 0.00230
0.11694 0.00805  0.89237 0.00138
0.15589 0.00846  0.82015 0.00117
0.19491 0.01193  0.73366 0.00177
0.23392 0.01178  0.64695 0.00217
0.27264 0.01153  0.55576 0.00270
0.35041 0.01540  0.38490 0.00324
0.38851 0.01959  0.30889 0.00260
0.42746 0.01958  0.24052 0.00223
0.54658 0.02733  0.11839 0.00228
0.63768 0.02733  0.05658 0.00146
0.81987 0.03644  0.00746 0.00024
0.91097 0.04555  0.00205 0.00110
0.47408 0.02370  0.19397 0.00280
0.55309 0.02370  0.11098 0.00212
0.71112 0.03161  0.02792 0.00096
0.79013 0.03951  0.00853 0.00035
0.86914 0.03951  0.00145 0.00068
0.53198 0.02364  0.11440 0.00216
0.49957 0.02498  0.14145 0.00626
0.54952 0.02498  0.10320 0.00214
