# ee
1.558589743584349804e-02
1.869234587027335595e-02
1.477966586468471184e-02
8.911854160630530014e-03
4.604943463739699649e-03
2.533920453155317793e-03
1.804917805791036826e-03
1.477412240563840979e-03
1.172188090064990194e-03
9.037572902950282913e-04
7.442390169020584754e-04
6.613172711185755313e-04
6.058261460837921540e-04
5.695293224456492165e-04
5.570787811760793571e-04
5.837500239732306946e-04
6.617030555913872101e-04
7.800129771798123939e-04
9.248877262850464234e-04
1.094152885563106281e-03
1.287166101299462269e-03
1.497797071633784989e-03
1.721203087026531306e-03
1.963179988019665440e-03
2.231055957967675255e-03
2.527647023440885137e-03
2.854651548117696780e-03
3.213808842526839817e-03
3.607486006861400796e-03
4.040511977629447984e-03
4.516003182385079466e-03
5.027749100665732454e-03
5.569037799214364599e-03
6.140477152636306460e-03
6.745747166043818306e-03
7.393500281155420892e-03
8.091327671777942890e-03
8.837601142244678326e-03
9.628386072483147151e-03
1.046077374714364516e-02
1.133593673512194207e-02
1.225607351003659036e-02
1.322337584511245299e-02
1.424004295845626537e-02
1.530789959061630914e-02
1.642731054080460301e-02
1.759826687516289137e-02
1.882076114880929310e-02
2.009479187276744239e-02
2.142040222735222196e-02
2.279787214012224741e-02
2.422752620792739328e-02
2.570970242840491665e-02
2.724472390942832278e-02
2.883286611162709165e-02
3.047415285862323589e-02
3.216854841498374001e-02
3.391602002322833403e-02
3.571652301406576246e-02
3.756995613710248372e-02
3.947588461123681391e-02
4.143380814040657084e-02
4.344322047264405351e-02
4.550361833393430644e-02
4.761445080301837662e-02
4.977494659013369238e-02
5.198430462599020613e-02
5.424170597358134172e-02
5.654634360771152585e-02
5.889731818664990792e-02
6.129333132299698284e-02
6.373300720258170959e-02
6.621497001123304027e-02
6.873782606706344001e-02
7.130019359999634210e-02
7.390062532499470926e-02
7.653766800111595769e-02
7.920985647560649379e-02
8.191575537524029005e-02
8.465385190001972759e-02
8.742250222002614923e-02
9.022002676990792391e-02
9.304472811659687814e-02
9.589492073883583434e-02
9.876887146812363127e-02
1.016646386792664919e-01
1.045802807470706669e-01
1.075137786195708434e-01
1.104632144951952777e-01
1.134264799833961529e-01
1.164012641928385550e-01
1.193851371140775136e-01
1.223756687376681002e-01
1.253704290541653443e-01
1.283669880541242758e-01
1.313629395517219856e-01
1.343558416257025212e-01
1.373432642666208847e-01
1.403228012886541254e-01
1.432920107705463464e-01
1.462484627028525497e-01
1.491897508997497845e-01
1.521134334399820986e-01
1.550170922259155593e-01
1.578982972481051961e-01
1.607546304089170763e-01
1.635836497870952200e-01
1.663829491968167040e-01
1.691500748050145386e-01
1.718826918967318040e-01
1.745785967869326605e-01
1.772356929968803008e-01
1.798518244887828132e-01
1.824249186075254381e-01
1.849528431389383387e-01
1.874334658688516508e-01
1.898646664949065477e-01
1.922443366265551845e-01
1.945703559614387623e-01
1.968405922853874446e-01
1.990529610314753783e-01
2.012053061619107630e-01
2.032955192861457261e-01
2.053214801018214686e-01
2.072810683065791082e-01
2.091721635980598737e-01
2.109926694975269024e-01
2.127404657026213952e-01
2.144133842637404586e-01
2.160095907619893896e-01
2.175281084288658018e-01
2.189682225557094408e-01
2.203292184338599968e-01
2.216103813546571877e-01
2.228109966094407590e-01
2.239303494895504010e-01
2.249676776390818200e-01
2.259223139966187732e-01
2.267935438535009784e-01
2.275806048538241144e-01
2.282828061125498909e-01
2.288994329210180811e-01
2.294297467469463836e-01
2.298730567052965079e-01
2.302286242637861524e-01
2.304957347137550627e-01
2.306736971701649763e-01
2.307617492771115442e-01
2.307592239731785511e-01
2.306658115512798812e-01
2.304832273122001673e-01
2.302135677346762443e-01
2.298590007683109782e-01
2.294215990682191841e-01
2.289035782312477119e-01
2.283069870888894126e-01
2.276339935907470691e-01
2.268867656864235749e-01
2.260673522074117536e-01
2.251779687505584271e-01
2.242207117946004580e-01
2.231976778182746257e-01
2.221110585948058436e-01
2.209629506029309187e-01
2.197555217922526616e-01
2.184908448178859430e-01
2.171710876294336012e-01
2.157983943528764548e-01
2.143748614669513108e-01
2.129026569212610909e-01
2.113839010181645661e-01
2.098207140600206189e-01
2.082152163491880204e-01
2.065695996588916838e-01
2.048864131166865665e-01
2.031704214469745862e-01
2.014267467284877322e-01
1.996606182462570545e-01
1.978771938144475995e-01
1.960816669826573599e-01
1.942792074768624200e-01
1.924750088466608000e-01
1.906742765534615303e-01
1.888821684114296295e-01
1.871038541465411820e-01
1.853445630438271818e-01
1.836094529174527035e-01
1.819037173170157395e-01
1.802325497921143660e-01
1.786010962451025641e-01
1.770145740492004571e-01
1.754781529303839904e-01
1.739970383500622497e-01
1.725764000342112636e-01
1.712214077088070885e-01
1.699372668352587268e-01
1.687291590513532169e-01
1.676022659948775972e-01
1.665617693036189340e-01
1.656133151759933975e-01
1.647642889348239492e-01
1.640225642871846190e-01
1.633960030283385101e-01
1.628924550417377437e-01
1.625197940344563774e-01
1.622858460663244851e-01
1.621985086680381993e-01
1.622656198112385484e-01
1.624950412911886632e-01
1.628946229913406096e-01
1.634722386187684728e-01
1.642357261451133366e-01
1.651929711892603236e-01
1.663517998110394525e-01
1.677201095411468834e-01
1.693057145276016529e-01
1.711165123010998934e-01
1.731603527450936431e-01
1.754450619194130034e-01
1.779785492665650615e-01
1.807686170227578992e-01
1.838231746304986314e-01
1.871500481496173318e-01
1.907571231989990679e-01
1.946522258384739412e-01
1.988432416869270192e-01
2.033379968041884034e-01
2.081443887209541987e-01
2.132702792324874808e-01
2.187234586631853217e-01
2.245118602791768003e-01
2.306433220521030281e-01
2.371256581299830690e-01
2.439668017789460575e-01
2.511745433233890101e-01
2.587567922058190972e-01
2.667213625742552718e-01
2.750761638712047596e-01
2.838290102446865970e-01
2.929877873135858790e-01
3.025603330495436616e-01
3.125545092478230202e-01
3.229782015273091056e-01
3.338392240360209540e-01
3.451454623928436605e-01
3.569047783930403561e-01
3.691250100082520413e-01
3.818140428573638667e-01
3.949797149120168882e-01
4.086289111989718781e-01
4.227647526127119582e-01
4.373891688666199373e-01
4.525043993811647125e-01
4.681124929878390240e-01
4.842154508708917393e-01
5.008154648035476608e-01
5.179144883228116170e-01
5.355147132019083545e-01
5.536181882723307801e-01
5.722270100128157289e-01
5.913432749021000356e-01
6.109689841244323461e-01
6.311063294530375734e-01
6.517572644249206570e-01
6.729240284605502165e-01
6.946085750969311912e-01
7.168130961072883833e-01
7.395394973813825823e-01
7.627901136341705968e-01
7.865668031081692879e-01
8.108717575766034580e-01
8.357070258709660138e-01
8.610747997644815355e-01
8.869769851469111455e-01
9.134156784969913456e-01
9.403931668824352386e-01
9.679113561930033915e-01
9.959724382019209399e-01
1.024578318798948340e+00
1.053731285051798583e+00
1.083433242850232681e+00
1.113686479261962958e+00
1.144492900176750760e+00
1.175854602073332700e+00
1.207773681430445389e+00
1.240252425315802043e+00
1.273292549030186960e+00
1.306896530230289510e+00
1.341065988922406138e+00
1.375803498057713847e+00
1.411110868231485460e+00
1.446990195922457589e+00
1.483443577609367292e+00
1.520473205065439259e+00
1.558080984180434392e+00
1.596269106727577380e+00
1.635039573891117204e+00
1.674394672738766632e+00
1.714336213865798264e+00
1.754864387861188479e+00
1.795970237043061468e+00
1.837642897839781186e+00
1.879871887857663237e+00
1.922645962347119486e+00
1.965954257736513444e+00
2.009786101043185003e+00
2.054130247517546248e+00
2.098976405354888275e+00
2.144313329805623169e+00
2.190130157298114444e+00
2.236416024260726054e+00
2.283160067121821513e+00
2.330351803487716644e+00
2.377979798019847379e+00
2.426033187146577230e+00
2.474501679063198178e+00
2.523374029020121423e+00
2.572639182856735207e+00
2.622286658179354912e+00
2.672305210238392625e+00
2.722684547229139884e+00
2.773412852635080306e+00
2.824480215829458185e+00
2.875875582651660434e+00
2.927587517763122982e+00
2.979605538770162099e+00
3.031918782101140852e+00
3.084516193595447486e+00
3.137387481448373538e+00
3.190520829143402626e+00
3.243906326053778599e+00
3.297532346251961233e+00
3.351388597933242064e+00
3.405464026937009336e+00
3.459747197924697648e+00
3.514228200269552183e+00
3.568895217455055668e+00
3.623738338854451957e+00
3.678746129129177422e+00
3.733907915296570845e+00
3.789212262018068600e+00
3.844649258666914537e+00
3.900207469904544144e+00
3.955875841570344775e+00
4.011643700681656100e+00
4.067500374255819118e+00
4.123435189310172611e+00
4.179436329328200195e+00
4.235494264861097591e+00
4.291596035858492364e+00
4.347726014024346775e+00
4.403868189884668993e+00
4.460005029253661490e+00
4.516119760301429586e+00
4.572196373553983229e+00
4.628217716003474536e+00
4.684167396997961141e+00
4.740027882351645516e+00
4.795783162590536719e+00
4.851416084706786869e+00
4.906909876870503062e+00
4.962248148429742045e+00
5.017413746376657713e+00
5.072390280059306811e+00
5.127160977647794660e+00
5.181708686134275155e+00
5.236017396044757355e+00
5.290069573193443730e+00
5.343848826928390139e+00
5.397338766597655102e+00
5.450522239193392515e+00
5.503382091707753609e+00
5.555902695844702421e+00
5.608066136240486443e+00
5.659856403421115623e+00
5.711256725556696168e+00
5.762250330817332511e+00
5.812820066195178548e+00
5.862949159860339599e+00
5.912621602338825610e+00
5.961820240622788702e+00
6.010527921704383658e+00
6.058728254931667223e+00
6.106404849652697031e+00
6.153540934037578403e+00
6.200118973900512920e+00
6.246122959767509641e+00
6.291535738630722463e+00
6.336340919838208130e+00
6.380520969204169113e+00
6.424060639610517320e+00
6.466941634515551485e+00
6.509148706801185291e+00
6.550663559925714807e+00
6.591470946771054606e+00
6.631552570795501644e+00
6.670892422525064980e+00
6.709474492485754560e+00
6.747281246491771967e+00
6.784297437425030886e+00
6.820514679370583977e+00
6.855926873481196004e+00
6.890527920909634396e+00
6.924310198096854663e+00
6.957266843839719606e+00
6.989390996935088474e+00
7.020678083247537060e+00
7.051119716862118025e+00
7.080709798931595245e+00
7.109440705896927781e+00
7.137307101266785025e+00
7.164301361482123376e+00
7.190417387695709373e+00
7.215648318704403152e+00
7.239988055660971256e+00
7.263428975006369193e+00
7.285964977893365280e+00
7.307589965474722504e+00
7.328297076547303668e+00
7.348077925196160542e+00
7.366927937285868921e+00
7.384840251613288054e+00
7.401807244619376114e+00
7.417822817456898754e+00
7.432880108922716111e+00
7.446973020169595614e+00
7.460093927638492772e+00
7.472237494838078753e+00
7.483396098209309066e+00
7.493562876549046514e+00
7.502732493365960487e+00
7.510897325101007382e+00
7.518049748195144488e+00
7.524185950868850448e+00
7.529296022495369556e+00
7.533376151295179568e+00
7.536417951353334921e+00
7.538414561466694863e+00
7.539360645143930562e+00
7.539248578825998415e+00
7.538073026021568701e+00
7.535824838459789454e+00
7.532500204361140206e+00
7.528090737810671840e+00
7.522589577605247158e+00
7.515991387253535549e+00
7.508289305552398929e+00
7.499475708942792807e+00
7.489544498577484610e+00
7.478492625032855834e+00
7.466327711867949191e+00
7.453064243844948145e+00
7.438713656302415878e+00
7.423288909290725712e+00
7.406801438148441719e+00
7.389264965281841846e+00
7.370690926029490164e+00
7.351092280441760884e+00
7.330481988569025553e+00
7.308870723393945390e+00
7.286272969678702083e+00
7.262700162761859701e+00
7.238164500337886942e+00
7.212678180101252501e+00
7.186255686814138954e+00
7.158906931103301119e+00
7.130646397730920683e+00
7.101484759679659753e+00
7.071434976999888988e+00
7.040510772097886338e+00
7.008722817956313911e+00
6.976084836981446102e+00
6.942609026867754274e+00
6.908306822953801607e+00
6.873191947645865163e+00
6.837276598638415415e+00
6.800572973625919282e+00
6.763092507946941723e+00
6.724849686363665313e+00
6.685855181858749496e+00
6.646122716838472222e+00
6.605663726641397560e+00
6.564491171317897944e+00
6.522618010918347586e+00
6.480056443137215183e+00
6.436817140957160177e+00
6.392915351496268883e+00
6.348360985381297006e+00
6.303168527374427121e+00
6.257349412814223300e+00
6.210915839395153348e+00
6.163881148345543792e+00
6.116256775003958701e+00
6.068056060598722823e+00
6.019290821646353429e+00
5.969974018197223842e+00
5.920117847945801870e+00
5.869734508586557098e+00
5.818836197813957334e+00
5.767438162746089780e+00
5.715560986992370474e+00
5.663228684763784493e+00
5.610462602025651613e+00
5.557287896522813853e+00
5.503726676576497390e+00
5.449801812863829475e+00
5.395536938417843764e+00
5.340955305093621597e+00
5.286079783568292889e+00
5.230933244518984893e+00
5.175539320978732150e+00
5.119920883624662800e+00
5.064101565489810497e+00
5.008103474895400531e+00
4.951950626052417981e+00
4.895665889637990986e+00
4.839272517507201776e+00
4.782793380337178490e+00
4.726251729983002470e+00
4.669670437121803630e+00
4.613073515964566162e+00
4.556483456010467670e+00
4.499923127936636291e+00
4.443416164776106569e+00
4.386985056028054331e+00
4.330654197081416967e+00
4.274445315079468344e+00
4.218382805411144965e+00
4.162488395219718917e+00
4.106786479894129371e+00
4.051299548933552153e+00
3.996050854193068158e+00
3.941063647527758729e+00
3.886360799614753336e+00
3.831965943487084747e+00
3.777901949821882432e+00
3.724191308118322663e+00
3.670858413765343276e+00
3.617925375084169115e+00
3.565415825107832948e+00
3.513353015691416559e+00
3.461759055156143905e+00
3.410658720068905581e+00
3.360074118750925543e+00
3.310028121879333263e+00
3.260544743665113820e+00
3.211646473607443930e+00
3.163356563561405377e+00
3.115698265382078613e+00
3.068693115623760903e+00
3.022357123760441411e+00
2.976703440431470060e+00
2.931747122165957009e+00
2.887501700781202718e+00
2.843981089272461293e+00
2.801199581812938266e+00
2.759171281986863011e+00
2.717910483967441060e+00
2.677430719571973761e+00
2.637746473562643246e+00
2.598871468345726576e+00
2.560819998094428840e+00
2.523606166392980743e+00
2.487243886236634616e+00
2.451747261209620721e+00
2.417130394896168433e+00
2.383407390880507126e+00
2.350591971568914307e+00
2.318699002901523976e+00
2.287741635517684724e+00
2.257734354179579128e+00
2.228691262471436119e+00
2.200626463977485070e+00
2.173553681104003488e+00
2.147487398613173504e+00
2.122441338911272624e+00
2.098429986760481647e+00
2.075467064567078523e+00
2.053566485326316915e+00
2.032742733800377621e+00
2.013009532395539480e+00
1.994381365873982848e+00
1.976871766053009516e+00
1.960495217694801395e+00
1.945265633794611704e+00
1.931196927347694103e+00
1.918303201938277747e+00
1.906598942328544766e+00
1.896097680335796287e+00
1.886813710133237842e+00
1.878761135305099028e+00
1.871954059435609441e+00
1.866406395520022521e+00
1.862132056553591708e+00
1.859145527298498690e+00
1.857460530161020751e+00
1.857091359314363865e+00
1.858052118342757186e+00
1.860356529652478219e+00
1.864015075637211138e+00
1.869023182161530183e+00
1.875372272721511857e+00
1.883054533169137290e+00
1.892060624644578581e+00
1.902383114177768952e+00
1.914012853497856659e+00
1.926942028456822831e+00
1.941161871961767815e+00
1.956664188686720651e+00
1.973440402127757842e+00
1.991482316958908205e+00
2.010781356676248244e+00
2.031329516542782709e+00
2.053117648287660302e+00
2.076138318940814020e+00
2.100382380231392343e+00
2.125841636833424086e+00
2.152507893420937624e+00
2.180372573490009902e+00
2.209427481714669739e+00
2.239664041590993637e+00
2.271073867204034258e+00
2.303648763227820861e+00
2.337379962569453351e+00
2.372259460491936700e+00
2.408278680491347856e+00
2.445429236652739480e+00
2.483702743061163787e+00
2.523090813801674326e+00
2.563585062959322869e+00
2.605177295208139121e+00
2.647858743455222985e+00
2.691621402963579435e+00
2.736456506640309261e+00
2.782355859159440836e+00
2.829311265195003422e+00
2.877313767065121208e+00
2.926355741210751482e+00
2.976428229950017990e+00
3.027522847367974279e+00
3.079631398138648724e+00
3.132745496347094427e+00
3.186856756078363606e+00
3.241956600828532764e+00
3.298037025860607319e+00
3.355089073492711460e+00
3.413104738987850162e+00
3.472075636431076084e+00
3.531993379907441888e+00
3.592846534078382614e+00
3.654612990622674751e+00
3.717268354151379572e+00
3.780787466919655948e+00
3.845145552360613284e+00
3.910317071551458579e+00
3.976277629103253553e+00
4.043002067271157074e+00
4.110465990666230418e+00
4.178643860365680140e+00
4.247511662158521162e+00
4.317043475944006836e+00
4.387214906333200659e+00
4.458000795581258835e+00
4.529376748299244859e+00
4.601317606742316713e+00
4.673798213165632376e+00
4.746793791002303031e+00
4.820279944863389510e+00
4.894231135826099255e+00
4.968622587323541673e+00
5.043429522788827946e+00
5.118626784477114278e+00
5.194189976999465053e+00
5.270093942611038251e+00
5.346313904744942391e+00
5.422824705656337230e+00
5.499600806422428434e+00
5.576618955188134663e+00
5.653853231852710159e+00
5.731278478671312016e+00
5.808869919077051414e+00
5.886603920036894699e+00
5.964453799094191488e+00
6.042395542037955813e+00
6.120403991123347431e+00
6.198454750961427173e+00
6.276522282629401595e+00
6.354581809560380989e+00
6.432608936365427077e+00
6.510578124121746413e+00
6.588464977440402492e+00
6.666243576220646894e+00
6.743891049785352365e+00
6.821380715677867634e+00
6.898687416153351570e+00
6.975788280534674257e+00
7.052656626365185311e+00
7.129268058255947338e+00
7.205597418462119208e+00
7.281621073950667267e+00
7.357316916400365336e+00
7.432664362201800046e+00
7.507642827745552694e+00
7.582230204710399768e+00
7.656407434198734485e+00
7.730150883177522303e+00
7.803442255105061065e+00
7.876258679304220855e+00
7.948581096877394891e+00
8.020387399503357884e+00
8.091656241216789169e+00
8.162367800764178227e+00
8.232500732180204395e+00
8.302033689499547009e+00
8.370946851468694661e+00
8.439218109766420284e+00
8.506826880783311395e+00
8.573752580909948406e+00
8.639973864181014207e+00
8.705470146987090985e+00
8.770220845718762703e+00
8.834203089698901223e+00
8.897399344741707239e+00
8.959785977814146207e+00
9.021342405306803869e+00
9.082048043610262411e+00
9.141883071471012201e+00
9.200824618211921546e+00
9.258853624935385440e+00
9.315947983320178594e+00
9.372087109756884971e+00
9.427248895924277505e+00
9.481415045280657594e+00
9.534562687148891769e+00
9.586671237919565769e+00
9.637719351627360709e+00
9.687687969374666253e+00
9.736554220484354261e+00
9.784297521347010473e+00
9.830897288353217078e+00
9.876332937893559816e+00
9.920583124002716247e+00
9.963626500715365708e+00
1.000544324677799857e+01
1.004601049151348313e+01
1.008530993838011902e+01
1.012331871670077454e+01
1.016001700522194184e+01
1.019538345797829670e+01
1.022939977842813697e+01
1.026206520421555801e+01
1.029337744827284951e+01
1.032333956002362463e+01
1.035195001475607768e+01
1.037921186189382539e+01
1.040512281436915387e+01
1.042968515924977702e+01
1.045289813417979197e+01
1.047476402622690728e+01
1.049528131067931724e+01
1.051445303696064038e+01
1.053227691800316101e+01
1.054875600323049767e+01
1.056388953028674571e+01
1.057767749917190514e+01
1.059012143459778343e+01
1.060122133656438415e+01
1.061097872978351120e+01
1.061939208954336067e+01
1.062646446526754573e+01
1.063219509460016532e+01
1.063658397754121765e+01
1.063963263880251020e+01
1.064134031602814012e+01
1.064170929628582130e+01
1.064073881721964909e+01
1.063842964118552636e+01
1.063478329289526236e+01
1.062979824763704784e+01
1.062347755483450129e+01
1.061581968977581347e+01
1.060682617717279363e+01
1.059649701702544000e+01
1.058483297168965898e+01
1.057183556587725803e+01
1.055750327487642792e+01
1.054183838575488430e+01
1.052484013615671898e+01
1.050651081314964763e+01
1.048684889202186277e+01
1.046585589748516831e+01
1.044353335425137708e+01
1.041987973760867803e+01
1.039489733462478682e+01
1.036858462058789243e+01
1.034094464492161158e+01
1.031197588291413680e+01
1.028168062163318197e+01
1.025005809872284246e+01
1.021711212596263785e+01
1.018286252460608132e+01
1.014732987826259070e+01
1.011053629525338593e+01
1.007250464625560049e+01
1.003325551487864864e+01
9.992811009443755665e+00
9.951193238272146857e+00
9.908424309685043951e+00
9.864526332003674014e+00
9.819519888837453081e+00
9.773428613219413919e+00
9.726273088758972563e+00
9.678075423777354303e+00
9.628857726595782651e+00
9.578642105535484674e+00
9.527449906561777482e+00
9.475302475639983513e+00
9.422222683447232683e+00
9.368232638304746729e+00
9.313353686177848090e+00
9.257607935387760278e+00
9.201015969543901107e+00
9.143602184035207969e+00
9.085386400115190497e+00
9.026390726105073981e+00
8.966638032681990111e+00
8.906148903455351373e+00
8.844946209102289458e+00
8.783051295588123253e+00
8.720487033589980896e+00
8.657274006717281978e+00
8.593434323291248234e+00
8.528990091633103177e+00
8.463963420064075649e+00
8.398376416905387387e+00
8.332250428122359054e+00
8.265606799680311312e+00
8.198468402256374077e+00
8.130856581815866235e+00
8.062793446680013076e+00
7.994301105170039889e+00
7.925400903251266449e+00
7.856114949244917156e+00
7.786464589116312673e+00
7.716472693542582029e+00
7.646160608489045885e+00
7.575550442276928642e+00
7.504663540871550964e+00
7.433522012594136363e+00
7.362148728121815644e+00
7.290566558131716057e+00
7.218801422724585137e+00
7.146876954933455650e+00
7.074816787791361250e+00
7.002646841399046806e+00
6.930391511145451489e+00
6.858074430063608062e+00
6.785720755898357659e+00
6.713354121682734821e+00
6.640999685161579791e+00
6.568681841723831738e+00
6.496424224402523429e+00
6.424252753298401508e+00
6.352190680266545542e+00
6.280263544229750750e+00
6.208494978221050786e+00
6.136908996451429843e+00
6.065531519021635454e+00
5.994386178964699496e+00
5.923497371669561140e+00
5.852889111347204576e+00
5.782586936920424137e+00
5.712615243778157215e+00
5.642997664953438353e+00
5.573758977013155480e+00
5.504923956524199191e+00
5.436516617697555454e+00
5.368561737100113085e+00
5.301084091298761791e+00
5.234107313326535227e+00
5.167656179750323986e+00
5.101755848314968311e+00
5.036429570875550432e+00
4.971702886354863793e+00
4.907599808963894361e+00
4.844145115269530955e+00
4.781362438304808116e+00
4.719277316992519289e+00
4.657913384365697240e+00
4.597295416991232564e+00
4.537448191436014966e+00
4.478395340733077212e+00
4.420162403805212747e+00
4.362773013685456114e+00
4.306251946940697017e+00
4.250623598959871963e+00
4.195912746309871544e+00
4.142143403201679952e+00
4.089339965024237245e+00
4.037524540098765158e+00
3.986708182585878557e+00
3.936899278400523450e+00
3.888105451101742549e+00
3.840335467782436396e+00
3.793597714357550998e+00
3.747900195564082715e+00
3.703251297316977997e+00
3.659659786709136942e+00
3.617132906121649505e+00
3.575679803825368097e+00
3.535308484557287745e+00
3.496026953054403474e+00
3.457843976409614051e+00
3.420767559359915833e+00
3.384806087820255271e+00
3.349967947705580151e+00
3.316261143752885054e+00
3.283694061877117765e+00
3.252275469171177935e+00
3.222012608016155522e+00
3.192915007860854804e+00
3.164989911086367069e+00
3.138246275374566796e+00
3.112692296051426055e+00
3.088335787264963717e+00
3.065185325519102832e+00
3.043249487317767343e+00
3.022536277397951832e+00
3.003053891085627924e+00
2.984810904884718674e+00
2.967814942354267238e+00
2.952075342354101295e+00
2.937599537854287401e+00
2.924396105358749498e+00
2.912473430782434924e+00
2.901839900040290132e+00
2.892503327280335323e+00
2.884472289006493106e+00
2.877755171133710821e+00
2.872359978398983493e+00
2.868295287306235064e+00
2.865569102592460560e+00
2.864190191350558745e+00
2.864166367728549378e+00
2.865506017641379799e+00
2.868217336415020302e+00
2.872309091142371429e+00
2.877789095971452049e+00
2.884665546228232902e+00
2.892943587815067996e+00
2.902612738338274045e+00
2.913659084802596499e+00
2.926069095390734898e+00
2.939829238285387447e+00
2.954925219313348617e+00
2.971343316068340901e+00
2.989069996733063395e+00
3.008091348312262436e+00
3.028393457810684364e+00
3.049963174588980142e+00
3.072785823295992369e+00
3.096847872114418809e+00
3.122135979815935158e+00
3.148636042816311598e+00
3.176334148120294465e+00
3.205216763910582856e+00
3.235269977191922663e+00
3.266480446735989140e+00
3.298833306602648285e+00
3.332315596741526775e+00
3.366913594746347993e+00
3.402613197032881232e+00
3.439401062372802631e+00
3.477262324825977302e+00
3.516184405519984235e+00
3.556153200870594944e+00
3.597154226115626852e+00
3.639174521204707080e+00
3.682200363731558124e+00
3.726217268933998295e+00
3.771211895583702844e+00
3.817170140096441511e+00
3.864079042421841859e+00
3.911923736619769887e+00
3.960691262639851828e+00
4.010367135719906884e+00
4.060938395809561285e+00
4.112390558146634234e+00
4.164710281502800093e+00
4.217883081115876287e+00
4.271896378113442694e+00
4.326734925377413887e+00
4.382386144035367970e+00
4.438836311681027880e+00
4.496070562374258728e+00
4.554075554886737542e+00
4.612837947990137799e+00
4.672343256922276922e+00
4.732578902810735677e+00
4.793527732647666184e+00
4.855167638111844930e+00
4.917473842636380432e+00
4.980421569654383873e+00
5.043985661421014122e+00
5.108142103725284322e+00
5.172864976466449605e+00
5.238130646611475427e+00
5.303913956415521547e+00
5.370189748133744168e+00
5.436933245199254472e+00
5.504120814579019694e+00
5.571726154994340874e+00
5.639725252234232933e+00
5.708093329731805277e+00
5.776805229742216774e+00
5.845836938054482346e+00
5.915163296923759972e+00
5.984758767427254433e+00
6.054599716531933851e+00
6.124660986492955317e+00
6.194917419565477701e+00
6.265345382716467348e+00
6.335917812311322450e+00
6.406612600028816829e+00
6.477403444590253301e+00
6.548265950606693586e+00
6.619174960333295665e+00
6.690106078381123034e+00
6.761034909361238299e+00
6.831935533172893038e+00
6.902784316783056262e+00
6.973556102446885063e+00
7.044225732419538311e+00
7.114768811312076835e+00
7.185160943735564132e+00
7.255376209589254444e+00
7.325390975840114116e+00
7.395180084743301130e+00
7.464718378553973466e+00
7.533982224239098358e+00
7.602944939342024533e+00
7.671583653185622964e+00
7.739872445669148782e+00
7.807786921403663705e+00
7.875302685000229452e+00
7.942393816358100267e+00
8.009036682444243382e+00
8.075206125513815891e+00
8.140877750177882177e+00
8.206027161047503071e+00
8.270638348648688520e+00
8.334696065863351322e+00
8.398185065573407826e+00
8.461090100660770830e+00
8.523395161651450280e+00
8.585086526139168228e+00
8.646147422294031770e+00
8.706563365353856554e+00
8.766318345844654303e+00
8.825397879004242441e+00
8.883785955358632691e+00
8.941468090145638925e+00
8.998428273891276419e+00
9.054652021833359044e+00
9.110124086853801373e+00
9.164827697122712280e+00
9.218749130233810263e+00
9.271872376713107045e+00
9.324182189442517199e+00
9.375663321303953524e+00
9.426301287535233442e+00
9.476080078662368678e+00
9.524984447567273804e+00
9.572998384775955216e+00
9.620108167882138517e+00
9.666297787411831877e+00
9.711551233891047019e+00
9.755854022557599592e+00
9.799191668649308795e+00
9.841547400336281726e+00
9.882906732856334031e+00
9.923254419091380285e+00
9.962574449567432211e+00
1.000085233952230723e+01
1.003807284183791815e+01
1.007421994704027490e+01
1.010927840801129207e+01
1.014323450234469348e+01
1.017607069585467805e+01
1.020777326613496960e+01
1.023832696606748272e+01
1.026771502382232093e+01
1.029592371699320807e+01
1.032293703610615410e+01
1.034874049639897819e+01
1.037331732604178214e+01
1.039665380262829153e+01
1.041873391668451632e+01
1.043954242109236930e+01
1.045906711815738177e+01
1.047730953259136299e+01
1.049427347617383433e+01
1.050996504775202922e+01
1.052438729674956619e+01
1.053754403494596481e+01
1.054944136118846210e+01
1.056008308725657763e+01
1.056947226257392991e+01
1.057761574834365526e+01
1.058451659398937394e+01
1.059017937364651019e+01
1.059460866145048996e+01
1.059780903153673925e+01
1.059978429568477942e+01
1.060053979038593930e+01
1.060007932741974379e+01
1.059840748092161355e+01
1.059552882502697990e+01
1.059144793387126526e+01
1.058616861923399100e+01
1.057969697996239411e+01
1.057203530312418494e+01
1.056318816285478945e+01
1.055316242035734753e+01
1.054195960034366841e+01
1.052958656401688842e+01
1.051604559844472142e+01
1.050134356483030729e+01
1.048548198788545349e+01
1.046846772881329812e+01
1.045030383703745969e+01
1.043099641140517342e+01
1.041054773898414965e+01
1.038896315626571898e+01
1.036624799974121380e+01
1.034240531883424907e+01
1.031744045003615540e+01
1.029135720512645591e+01
1.026416092059647767e+01
1.023585540822574380e+01
1.020644447979377567e+01
1.017593499650371314e+01
1.014432772071145905e+01
1.011163027597605613e+01
1.007784571172112287e+01
1.004297860208208526e+01
1.000703428355027036e+01
9.970015043193395599e+00
9.931926979858690885e+00
9.892776954749297857e+00
9.852582502051015823e+00
9.811361918305545160e+00
9.769135024766399056e+00
9.725922405042995322e+00
9.681743118032938966e+00
9.636616222633838547e+00
9.590563064811014726e+00
9.543601178750265035e+00
9.495750385705102659e+00
9.447032031640848260e+00
9.397463650743299368e+00
9.347066588977776647e+00
9.295859142885984028e+00
9.243861896077337548e+00
9.191093145093539363e+00
9.137574235899911912e+00
9.083323465038155575e+00
9.028360653761783539e+00
8.972706385680213614e+00
8.916378957335146183e+00
8.859398189980092653e+00
8.801783904868567987e+00
8.743555923254081819e+00
8.684734066390147333e+00
8.625336630818464911e+00
8.565384962504358768e+00
8.504897357989529283e+00
8.443894400883392493e+00
8.382394387727654106e+00
8.320418664487631233e+00
8.257985527705029583e+00
8.195114036277455938e+00
8.131825536170230961e+00
8.068139086280961436e+00
8.004073745507254145e+00
7.939650097458526901e+00
7.874885676320577232e+00
7.809801828058726691e+00
7.744417611570582061e+00
7.678752848109654749e+00
7.612827358929457944e+00
7.546660965283502165e+00
7.480271963713490457e+00
7.413680175472935119e+00
7.346906946527156812e+00
7.279969811061953955e+00
7.212889352686743472e+00
7.145685392655035884e+00
7.078376989864439750e+00
7.010983965568465592e+00
6.943524616308818231e+00
6.876018000983103562e+00
6.808483178488930143e+00
6.740936920656191766e+00
6.673400573450209983e+00
6.605890146344973957e+00
6.538426985305805239e+00
6.471026337450788368e+00
6.403709548745244007e+00
6.336494534552924662e+00
6.269399591415531603e+00
6.202443397052721963e+00
6.135644248006197010e+00
6.069021584351518506e+00
6.002594083808339143e+00
5.936378899384508578e+00
5.870395852333536446e+00
5.804663620375078992e+00
5.739200500050839260e+00
5.674025550258424921e+00
5.609156686361586708e+00
5.544612204902027663e+00
5.480412689489163824e+00
5.416574149596986132e+00
5.353117168834910622e+00
5.290059662566688026e+00
5.227420308511972813e+00
5.165217403212469804e+00
5.103470005565785783e+00
5.042196793291575219e+00
4.981416062931542932e+00
4.921146492205342504e+00
4.861406758832631070e+00
4.802215921711014524e+00
4.743591896204245373e+00
4.685553741209929512e+00
4.628119753269771763e+00
4.571308228925474282e+00
4.515138989430548477e+00
4.459629568970794544e+00
4.404799407621770690e+00
4.350666420747229424e+00
4.297249286066825213e+00
4.244567062478164843e+00
4.192638427700905446e+00
4.141481297098795977e+00
4.091114729569445885e+00
4.041557402832509638e+00
3.992827994607642150e+00
3.944942514368834363e+00
3.897907823319224807e+00
3.851727733238334839e+00
3.806407580617494624e+00
3.761950796058273205e+00
3.718362334874049324e+00
3.675646008844343449e+00
3.633806392104582450e+00
3.592847677612239110e+00
3.552774439502739856e+00
3.513590489555605600e+00
3.475301164262166953e+00
3.437909131868088330e+00
3.401420491220604969e+00
3.365838672921285468e+00
3.331167488749652072e+00
3.297412656374986373e+00
3.264577225220905543e+00
3.232665769422835567e+00
3.201683244294154740e+00
3.171633271025408263e+00
3.142520614340997831e+00
3.114349276609420958e+00
3.087124022555079783e+00
3.060848854546471820e+00
3.035527965541070738e+00
3.011165739085325921e+00
2.987766939903639507e+00
2.965335379775533298e+00
2.943875442247456675e+00
2.923391701454835179e+00
2.903888159766166766e+00
2.885369581905853131e+00
2.867839970242392234e+00
2.851303708322233454e+00
2.835764989102850464e+00
2.821228005541716488e+00
2.807697712952210267e+00
2.795178113702829314e+00
2.783673019573094098e+00
2.773187576465359960e+00
2.763725405570171656e+00
2.755291271611930881e+00
2.747889558137087906e+00
2.741524267514139801e+00
2.736199592700560235e+00
2.731920489009727504e+00
2.728690958810139122e+00
2.726515004470292602e+00
2.725397200125613484e+00
2.725339261076886732e+00
2.726332420231212694e+00
2.728365051661051144e+00
2.731425338849885254e+00
2.735502418226078536e+00
2.740584282684138451e+00
2.746659306296524328e+00
2.753716625491600567e+00
2.761744233163873297e+00
2.770730693974778891e+00
2.780664572585752836e+00
2.791534243069254018e+00
2.803328460675694078e+00
2.816035599477533236e+00
2.829643842958254218e+00
2.844142136957244382e+00
2.859518474369012075e+00
2.875761801032943765e+00
2.892860491021499669e+00
2.910803108996114830e+00
2.929577838440272863e+00
2.949173244015409256e+00
2.969578080971935652e+00
2.990780532793335222e+00
3.012769545318995768e+00
3.035532920854448591e+00
3.059059795828057204e+00
3.083338163134328624e+00
3.108357159201627251e+00
3.134104395746508231e+00
3.160569199786310790e+00
3.187739373626566231e+00
3.215603863106662352e+00
3.244151042299058929e+00
3.273369475865191003e+00
3.303247347288541746e+00
3.333773602408499404e+00
3.364936043530595278e+00
3.396723997672168149e+00
3.429125648316702524e+00
3.462129178947681130e+00
3.495723154226539897e+00
3.529896519992666182e+00
3.564637459729543156e+00
3.599934538098606751e+00
3.635775938583340139e+00
3.672150225845178806e+00
3.709046345723510107e+00
3.746452481701818105e+00
3.784357198441537840e+00
3.822747917070248302e+00
3.861608246936007571e+00
3.900921797386872392e+00
3.940671034237044790e+00
3.980838804478677329e+00
4.021407955103923904e+00
4.062361714282888947e+00
4.103682547829774485e+00
4.145353683914684950e+00
4.187358350707727439e+00
4.229678632845149444e+00
4.272297758497056286e+00
4.315198955833555061e+00
4.358364690668844688e+00
4.401778572350984575e+00
4.445422304338269903e+00
4.489279877156712395e+00
4.533333756620510968e+00
4.577566789721820406e+00
4.621962204630745141e+00
4.666502085983535331e+00
4.711170424306199145e+00
4.755949304234986741e+00
4.800822335117955753e+00
4.845771982769305986e+00
4.890780713003239910e+00
4.935832135167815160e+00
4.980909096255183854e+00
5.025994062079547575e+00
5.071070260811011643e+00
5.116120920619682266e+00
5.161128126141807826e+00
5.206075105547493642e+00
5.250945087006845036e+00
5.295720917512015014e+00
5.340385062877206046e+00
5.384920370094570252e+00
5.429310829690116691e+00
5.473537763944191781e+00
5.517585163382804581e+00
5.561436256176059523e+00
5.605072745782254451e+00
5.648477860371494685e+00
5.691635209291836972e+00
5.734527258357483781e+00
5.777136473382634918e+00
5.819446844893301218e+00
5.861440076347778749e+00
5.903099395916173719e+00
5.944408412946541986e+00
5.985350736786942960e+00
6.025915694454715421e+00
6.066093756501055978e+00
6.105874631121256613e+00
6.145249551222417672e+00
6.184208987355735765e+00
6.222743028894455186e+00
6.260842146389770768e+00
6.298497191570832321e+00
6.335698253810884140e+00
6.372435803661121057e+00
6.408700692850692882e+00
6.444481867218986082e+00
6.479771322029006519e+00
6.514559146653998489e+00
6.548836192823109137e+00
6.582591787553679019e+00
6.615817544930761684e+00
6.648502791971695025e+00
6.680638380405628851e+00
6.712215924317615823e+00
6.743223988369090094e+00
6.773654186645106101e+00
6.803495846163003513e+00
6.832740581007833214e+00
6.861379242908745901e+00
6.889400396527175729e+00
6.916795655948175359e+00
6.943555110544989972e+00
6.969670374402671342e+00
6.995130774538559137e+00
7.019926400325897653e+00
7.044048865849740437e+00
7.067487498127426271e+00
7.090233148888104076e+00
7.112276669860921885e+00
7.133608150419123994e+00
7.154217679935954699e+00
7.174096110140562921e+00
7.193234292762095805e+00
7.211622317173797647e+00
7.229249510393009004e+00
7.246108248860686274e+00
7.262187097238266276e+00
7.277478431966703631e+00
7.291971580063339786e+00
7.305656630901419035e+00
7.318524436210089412e+00
7.330565847718498951e+00
7.341770954799891946e+00
7.352132133895225685e+00
7.361651672072212271e+00
7.370331856398565584e+00
7.378178023365615346e+00
7.385193222396978285e+00
7.391380502916272910e+00
7.396743676703018799e+00
7.401288080248548340e+00
7.405015238264668120e+00
7.407930487242708750e+00
7.410036876606288736e+00
7.411336693423119293e+00
7.411836798896339396e+00
7.411537955381853671e+00
7.410445499370992728e+00
7.408563242643277924e+00
7.405893472266421362e+00
7.402440762375849026e+00
7.398208924751083160e+00
7.393201008815739605e+00
7.387422351061149861e+00
7.380873713843217665e+00
7.373561958365081992e+00
7.365488609338551207e+00
7.356659003254955032e+00
7.347075427182007346e+00
7.336742455255132356e+00
7.325663136897949457e+00
7.313841283889978229e+00
7.301281470366644655e+00
7.287985983395662615e+00
7.273960159468361830e+00
7.259206285652455293e+00
7.243728173727463471e+00
7.227531160184717862e+00
7.210616007380122205e+00
7.192989576516815475e+00
7.174653392306605149e+00
7.155612028884918985e+00
7.135868535675371938e+00
7.115427486813391766e+00
7.094292694078498940e+00
7.072467206894310188e+00
7.049954837040347755e+00
7.026758633940229259e+00
7.002883934085284423e+00
6.978333024543225349e+00
6.953109717093574282e+00
6.927218585871757206e+00
6.900661917945487112e+00
6.873446574517901198e+00
6.845582466215757833e+00
6.817083315445332303e+00
6.787960557545189566e+00
6.758227152565702944e+00
6.727896822913150388e+00
6.696980241570191339e+00
6.665491893299007486e+00
6.633443213438163788e+00
6.600847162038033566e+00
6.567715936793084630e+00
6.534063260109594928e+00
6.499900567326129419e+00
6.465241580848964276e+00
6.430098498372569082e+00
6.394483517591412536e+00
6.358409598555867959e+00
6.321889320138356361e+00
6.284935261211297863e+00
6.247560381825065789e+00
6.209777260852082037e+00
6.171597714808862989e+00
6.133035084923732505e+00
6.094101950069112483e+00
6.054811270295377135e+00
6.015174099763136439e+00
5.975205685590478488e+00
5.934916319582110411e+00
5.894319724144309269e+00
5.853428096971543759e+00
5.812254779292140405e+00
5.770811206444663277e+00
5.729111482013340861e+00
5.687166660158785803e+00
5.644990463287276938e+00
5.602595089093281189e+00
5.559993497627172765e+00
5.517197505405468050e+00
5.474221216012396418e+00
5.431075683608570515e+00
5.387774249422315087e+00
5.344329873504003459e+00
5.300754372370152012e+00
5.257061087249087272e+00
5.213262215835276159e+00
5.169370718179092883e+00
5.125398791975006141e+00
5.081359397273389256e+00
5.037265112946662349e+00
4.993128517867247318e+00
4.948961428551659658e+00
4.904776805050273580e+00
4.860584939167796215e+00
4.816396885064841094e+00
4.772224840435875137e+00
4.728079478263560453e+00
4.683972233886461112e+00
4.639914542643140294e+00
4.595917839872163846e+00
4.551993179734143524e+00
4.508151997567644287e+00
4.464405728711230203e+00
4.420765427325513919e+00
4.377242147571107189e+00
4.333848468320431913e+00
4.290593919022290592e+00
4.247491078549105126e+00
4.204551382239440471e+00
4.161785121898002870e+00
4.119204495219262796e+00
4.076819794007927378e+00
4.034643978314369939e+00
3.992686958765346628e+00
3.950960551877374272e+00
3.909475811811064183e+00
3.868244555082934077e+00
3.827277835853595711e+00
3.786586708283661284e+00
3.746182988889648069e+00
3.706077350654215952e+00
3.666281610093881760e+00
3.626807202547209563e+00
3.587665182174811562e+00
3.548866984315253159e+00
3.510423281951193797e+00
3.472346272777102172e+00
3.434647010953591373e+00
3.397336931819225025e+00
3.360426708356663905e+00
3.323928538260376708e+00
3.287852713335071453e+00
3.252211812453168704e+00
3.217016127419376925e+00
3.182277284161236786e+00
3.148006527428336199e+00
3.114215673737192436e+00
3.080915396070465384e+00
3.048117320355695270e+00
3.015832881931447051e+00
2.984073134958332929e+00
2.952847418296180582e+00
2.922160687258367862e+00
2.892014275967726977e+00
2.862410090314019495e+00
2.833350989131885989e+00
2.804838878311087580e+00
2.776875663741384503e+00
2.749464204257418221e+00
2.722605833982020940e+00
2.696303221160858410e+00
2.670558462272666578e+00
2.645373844385158879e+00
2.620751273388095992e+00
2.596693036349190908e+00
2.573201420336156175e+00
2.550278521827728628e+00
2.527926437302645546e+00
2.506147644417595632e+00
2.484943858473363409e+00
2.464317557126638025e+00
2.444270646267180158e+00
2.424805794140655113e+00
2.405924906636823568e+00
2.387629889645445758e+00
2.369923030234235117e+00
2.352806996648856508e+00
2.336283504190094451e+00
2.320354649336686226e+00
2.305022909745320536e+00
2.290290191305758061e+00
2.276158971674687503e+00
2.262631347330846587e+00
2.249709224163995103e+00
2.237394889241846485e+00
2.225690629632113282e+00
2.214598732402508929e+00
2.204121103442793661e+00
2.194260029820680469e+00
2.185017417425930475e+00
2.176396125093184253e+00
2.168397677534250612e+00
2.161024552405818699e+00
2.154278846186625351e+00
2.148162655355406958e+00
2.142678457568853112e+00
2.137828158716724047e+00
2.133613855277756599e+00
2.130037834319664203e+00
2.127102382910158962e+00
2.124809597527978600e+00
2.123160049940050698e+00
2.122148213066069378e+00
2.121767225702895665e+00
2.122009654880463003e+00
2.122868639395632417e+00
2.124337318045264933e+00
2.126408448448270594e+00
2.129074788223557668e+00
2.132329476167988069e+00
2.136165460489446666e+00
2.140575689395819214e+00
2.145552920506013983e+00
2.151090102027916728e+00
2.157180372758388920e+00
2.163816680905315426e+00
2.170991784087605403e+00
2.178698630513144607e+00
2.186930168389817464e+00
2.195679536514485886e+00
2.204939301917082872e+00
2.214702603394469449e+00
2.224962579743507529e+00
2.235711797994129224e+00
2.246943396943196891e+00
2.258650134209618798e+00
2.270825339179232571e+00
2.283461578881971654e+00
2.296551801525721359e+00
2.310089145907342267e+00
2.324066560234720136e+00
2.338476802126764120e+00
2.353312819791359090e+00
2.368567561436390800e+00
2.384234165858719834e+00
2.400305200088280078e+00
2.416773802921932557e+00
2.433633113156538297e+00
2.450875697822030741e+00
2.468494695715270915e+00
2.486483055044144130e+00
2.504833533427559544e+00
2.523539269662378182e+00
2.542593211956486243e+00
2.561987927339815840e+00
2.581716935787180756e+00
2.601772804328513988e+00
2.622148671760677008e+00
2.642836914524626657e+00
2.663831243184152431e+00
2.685124224769187773e+00
2.706708045131712925e+00
2.728573746589852966e+00
2.750710656160947565e+00
2.773109244396193329e+00
2.795759028901905197e+00
2.818650289640304063e+00
2.841772544217705754e+00
2.865116072596330277e+00
2.888670964149421927e+00
2.912426355305344217e+00
2.936373288382221780e+00
2.960501090397394286e+00
2.984799850724106030e+00
3.009259277557648993e+00
3.033869650860243183e+00
3.058620488238204427e+00
3.083502069653753175e+00
3.108504675069109435e+00
3.133617440912636720e+00
3.158830456557579769e+00
3.184134383144110014e+00
3.209518357100592301e+00
3.234973039567198061e+00
3.260487566972291251e+00
3.286052409867068036e+00
3.311657276446820841e+00
3.337292637262745831e+00
3.362947438154229918e+00
3.388612530850422466e+00
3.414277242368662701e+00
3.439932043260147232e+00
3.465566641720167596e+00
3.491171127121968087e+00
3.516734826482888820e+00
3.542248210354125515e+00
3.567701368108922466e+00
3.593084007942572100e+00
3.618385838050365955e+00
3.643597328983500194e+00
3.668707807759314488e+00
3.693707744929005887e+00
3.718587229865817356e+00
3.743335208409137582e+00
3.767942532288114599e+00
3.792398909698040388e+00
3.816694048834206487e+00
3.840818420247809950e+00
3.864761350956190000e+00
3.888513311510542803e+00
3.912063628928208470e+00
3.935403536116287793e+00
3.958526553049593666e+00
3.981427343236796368e+00
4.004100189008613420e+00
4.026538991517810473e+00
4.048738795451010120e+00
4.070694264316881750e+00
4.092399680446142440e+00
4.113848944991559620e+00
4.135037483817705528e+00
4.155958816899394392e+00
4.176607607745296491e+00
4.196979282219985841e+00
4.217066979120323467e+00
4.236865361954979647e+00
4.256369475410576975e+00
4.275573601817831637e+00
4.294472023507461600e+00
4.313059022810186605e+00
4.331329263234674265e+00
4.349277408289595748e+00
4.366897740305668130e+00
4.384184541613610264e+00
4.401132475722090653e+00
4.417736206139780464e+00
4.433989252841491258e+00
4.449887041691799716e+00
4.465423855021422028e+00
4.480593975161076159e+00
4.495391684441480962e+00
4.509811646371304050e+00
4.523848143281265166e+00
4.537495838680033700e+00
4.550749777254231354e+00
4.563603097800720043e+00
4.576050845006120582e+00
4.588087682379104137e+00
4.599707892250388674e+00
4.610905756950690382e+00
4.621676321166632739e+00
4.632013104873029086e+00
4.641911533934452549e+00
4.651365509503669671e+00
4.660369695089350728e+00
4.668917991844259596e+00
4.677005825632972957e+00
4.684626335252349172e+00
4.691775327744917234e+00
4.698446704263441909e+00
4.704634747138640272e+00
4.710335263413039542e+00
4.715549396620494882e+00
4.720278671472816434e+00
4.724525375037716302e+00
4.728291413204956051e+00
4.731578691864294584e+00
4.734389879261398981e+00
4.736726118930124407e+00
4.738590460294089368e+00
4.739983665709195826e+00
4.740908784599063175e+00
4.741367722853452094e+00
4.741362386362121484e+00
4.740894299836881487e+00
4.739966512701349721e+00
4.738580168489380462e+00
4.736737554268689365e+00
4.734440575929035333e+00
4.731692282894035984e+00
4.728493056341642742e+00
4.724846326873426428e+00
4.720753238023243092e+00
4.716216458036757153e+00
4.711237892803730176e+00
4.705819067035969638e+00
4.699962267801189419e+00
4.693669782167101623e+00
4.686943516023467815e+00
4.679785375260048674e+00
4.672198028122508617e+00
4.664182236966752271e+00
4.655741051216396365e+00
4.646876376761202465e+00
4.637589738312978938e+00
4.627883804117391087e+00
4.617760480064198703e+00
4.607221290865211927e+00
4.596268904766093399e+00
4.584904846478654150e+00
4.573131784248558596e+00
4.560951242787614213e+00
4.548365127985582568e+00
4.535375726910176652e+00
4.521985326629109458e+00
4.508195451854189351e+00
4.494008389653129321e+00
4.479426427093641472e+00
4.464451088887535946e+00
4.449084662102524845e+00
4.433329052628367961e+00
4.417187691066637001e+00
4.400666295086611335e+00
4.383771344713479401e+00
4.366510463506283912e+00
4.348890512668163844e+00
4.330918353402257281e+00
4.312600846911702313e+00
4.293944854399638800e+00
4.274957618247157143e+00
4.255646380835348630e+00
4.236017241011446721e+00
4.216077822334495018e+00
4.195834986007632494e+00
4.175295593233997238e+00
4.154466505216728223e+00
4.133355345514869050e+00
4.111967831797699979e+00
4.090312349980171014e+00
4.068394617731562413e+00
4.046221877432965464e+00
4.023801752643423768e+00
4.001141104566075413e+00
3.978246032048154746e+00
3.955124539826657681e+00
3.931782726748817680e+00
3.908227835195726030e+00
3.884467107548473574e+00
3.860507023832246976e+00
3.836355207606088946e+00
3.812017757717233835e+00
3.787502678902677111e+00
3.762816070009653124e+00
3.737965554597204587e+00
3.712957231512566292e+00
3.687799105492732821e+00
3.662496894206987097e+00
3.637058602392323703e+00
3.611491091251881613e+00
3.585800840810847490e+00
3.559994712272359862e+00
3.534080710373413314e+00
3.508064552783291212e+00
3.481954244238988139e+00
3.455755502409786128e+00
3.429476713210632521e+00
3.403123594310809796e+00
3.376704150447313424e+00
3.350224480467376864e+00
3.323692207930043718e+00
3.297113812860500648e+00
3.270496537639838497e+00
3.243846481115291169e+00
3.217170504489997640e+00
3.190474134844264231e+00
3.163764614559181787e+00
3.137048042481984211e+00
3.110330517459906297e+00
3.083618710107110861e+00
3.056918909859808409e+00
3.030237787332160870e+00
3.003581060193450725e+00
2.976955589646817391e+00
2.950367474539494328e+00
2.923823576074620956e+00
2.897329611921478865e+00
2.870892443283207029e+00
2.844518169007040242e+00
2.818213269118164721e+00
2.791984223641766683e+00
2.765837322014057076e+00
2.739778663082270249e+00
2.713814917460568132e+00
2.687952755763114432e+00
2.662197895659190738e+00
2.636557007762959870e+00
2.611036381510632332e+00
2.585642687516370497e+00
2.560382024627409159e+00
2.535260872868934090e+00
2.510285521677156684e+00
2.485462451077263157e+00
2.460797950505463572e+00
2.436298309397968875e+00
2.411970007779965730e+00
2.387819525676640353e+00
2.363853152524202805e+00
2.340077177758864480e+00
2.316497890816835437e+00
2.293121962312278050e+00
2.269955681681403270e+00
2.247005147771444999e+00
2.224277031196566057e+00
2.201777430804001234e+00
2.179513207796888175e+00
2.157490079844510245e+00
2.135714908150005975e+00
2.114193982149584983e+00
2.092933591279458660e+00
2.071940215564813226e+00
2.051219953852883027e+00
2.030778714401926255e+00
2.010618593690680189e+00
1.990741307019929129e+00
1.971148188512505506e+00
1.951840762880218128e+00
1.932820936012827895e+00
1.914089660855214925e+00
1.895648843297139896e+00
1.877500008050411617e+00
1.859644489237862519e+00
1.842083811571301410e+00
1.824819880940488526e+00
1.807853840879281027e+00
1.791187406688462991e+00
1.774821912490867071e+00
1.758759073587278232e+00
1.743000224100528683e+00
1.727547269920379103e+00
1.712401354580686430e+00
1.697564002793258808e+00
1.683037120447857138e+00
1.668821851078337692e+00
1.654919909985485660e+00
1.641332821881108961e+00
1.628061920888040692e+00
1.615109112896041310e+00
1.602475541438967088e+00
1.590163017112091293e+00
1.578172874038245910e+00
1.566506636929239749e+00
1.555165925791369474e+00
1.544152265336443675e+00
1.533467275570759014e+00
1.523112195322659845e+00
1.513088835187418990e+00
1.503398624582356957e+00
1.494043088219282556e+00
1.485023750810003929e+00
1.476342137066330107e+00
1.467999676405581599e+00
1.459998179423030784e+00
1.452338884947022457e+00
1.445023508278341140e+00
1.438053383539819707e+00
1.431430130737754158e+00
1.425155465172929681e+00
1.419230625673690627e+00
1.413657327540821740e+00
1.408436904897155229e+00
1.403571168337964137e+00
1.399060499041200556e+00
1.394902705233639351e+00
1.391093784546783452e+00
1.387630687557015241e+00
1.384509793073789519e+00
1.381727670495536797e+00
1.379280698631711655e+00
1.377165828058696917e+00
1.375379246996971228e+00
1.373917524844965099e+00
1.372777421590085423e+00
1.371955220747298476e+00
1.371447587009523073e+00
1.371251185069678025e+00
1.371362203148241532e+00
1.371777496527108564e+00
1.372493729899197934e+00
1.373506900896011906e+00
1.374814055388421385e+00
1.376411476891392649e+00
1.378295925392332810e+00
1.380463684406208369e+00
1.382911418625937694e+00
1.385635697449951742e+00
1.388633185571168882e+00
1.391899975915580123e+00
1.395433019059567847e+00
1.399228979696050645e+00
1.403283855456531226e+00
1.407594501622904337e+00
1.412157678182576648e+00
1.416969478061538501e+00
1.422026947130661023e+00
1.427326083021446257e+00
1.432863741015789172e+00
1.438636585806608581e+00
1.444640710319894827e+00
1.450873065132030737e+00
1.457330219641446822e+00
1.464008362068621949e+00
1.470904252400962342e+00
1.478014364742410880e+00
1.485335363785886376e+00
1.492863628340843185e+00
1.500596013689176278e+00
1.508528612756875997e+00
1.516658185531349012e+00
1.524981206116537980e+00
1.533494529794337646e+00
1.542194344785226656e+00
1.551076934604171509e+00
1.560137439232282208e+00
1.569370808061692824e+00
1.578771514012097033e+00
1.588334697064605061e+00
1.598055116022375044e+00
1.607927339099588515e+00
1.617946220393891466e+00
1.628106709297418186e+00
1.638403469318838512e+00
1.648831354555798212e+00
1.659385028516967342e+00
1.670059726477943984e+00
1.680849730769445882e+00
1.691750276667071340e+00
1.702755646501537878e+00
1.713861075548443802e+00
1.725061036727482566e+00
1.736350574725276763e+00
1.747724543639472161e+00
1.759177606978738595e+00
1.770704618840722055e+00
1.782300242734092377e+00
1.793959142167519616e+00
1.805676552416601854e+00
1.817447136990008927e+00
1.829265559396410668e+00
1.841126673733453289e+00
1.853025143509806627e+00
1.864956013412092828e+00
1.876914137537957439e+00
1.888893798218118647e+00
1.900890421317150691e+00
1.912898289165770871e+00
1.924912446450601777e+00
1.936927937858264892e+00
1.948939045719478624e+00
1.960941005309840390e+00
1.972928480138020690e+00
1.984895943123713202e+00
1.996838629542515786e+00
2.008751202903098942e+00
2.020628517303107774e+00
2.032465236251213003e+00
2.044256213845059733e+00
2.055996113593319130e+00
2.067679980182612010e+00
2.079302667710584807e+00
2.090858458507955930e+00
2.102342778439298510e+00
2.113750481602258979e+00
2.125077946806292140e+00
2.136322124627780372e+00
2.147479965643106947e+00
2.158548420428654246e+00
2.169524058382852783e+00
2.180403639493110113e+00
2.191184495513760488e+00
2.201863005254258709e+00
2.212436309879963314e+00
2.222900978789305704e+00
2.233254153147643972e+00
2.243492402353409076e+00
2.253612867571960443e+00
2.263612308790703853e+00
2.273487485997046420e+00
2.283235159178394813e+00
2.292852278911132302e+00
2.302335795771640825e+00
2.311682660336304096e+00
2.320889251414576027e+00
2.329952710171816044e+00
2.338869987184406529e+00
2.347637842439754152e+00
2.356253035925266026e+00
2.364712518217324533e+00
2.373013049303336786e+00
2.381151579759685166e+00
2.389124869573776788e+00
2.396929869321994477e+00
2.404563148402768746e+00
2.412021847981458134e+00
2.419302918634445909e+00
2.426402739171186429e+00
2.433318641346014832e+00
2.440047194557361632e+00
2.446585539970585366e+00
2.452930056395141278e+00
2.459077884996387908e+00
2.465025785761732369e+00
2.470770709267556597e+00
2.476309415501268152e+00
2.481638855039249414e+00
2.486755787868907053e+00
2.491656973977648182e+00
2.496339363941855183e+00
2.500799908337911326e+00
2.505035367153222836e+00
2.509042500375196383e+00
2.512818258580215680e+00
2.516360354700566848e+00
2.519668216969321861e+00
2.522742988920337659e+00
2.525585242320541823e+00
2.528195739525839425e+00
2.530574861714181889e+00
2.532723561830449555e+00
2.534642411641571336e+00
2.536332173503450971e+00
2.537793419183016930e+00
2.539026720447197238e+00
2.540033030240872680e+00
2.540812920330970837e+00
2.541366771895444465e+00
2.541695728468149618e+00
2.541800171227038607e+00
2.541680862528015616e+00
2.541338564726985272e+00
2.540773659001899443e+00
2.539987098297638468e+00
2.538979644970106975e+00
2.537751489608280675e+00
2.536303775746016065e+00
2.534637075150241170e+00
2.532751768998908748e+00
2.530649000825874850e+00
2.528328961220115634e+00
2.525792984304463751e+00
2.523041070078918757e+00
2.520073980899385280e+00
2.516892860299719814e+00
2.513497898868898517e+00
2.509890049551801283e+00
2.506069884115357027e+00
2.502038164915469487e+00
2.497795463719067133e+00
2.493342542882054147e+00
2.488679974171359000e+00
2.483808329353909272e+00
2.478728561374586192e+00
2.473441051411341629e+00
2.467946942998031634e+00
2.462246426723632808e+00
2.456340264944048890e+00
2.450229220015184506e+00
2.443914054292944282e+00
2.437395339544255801e+00
2.430673838125024133e+00
2.423749931213200259e+00
2.416624762342642008e+00
2.409299093869252673e+00
2.401775594038697559e+00
2.394058074630498467e+00
2.386149775657248284e+00
2.378053365364612315e+00
2.369772464943135759e+00
2.361310314405412392e+00
2.352670344353010812e+00
2.343855794798524794e+00
2.334869524576595357e+00
2.325715536055720012e+00
2.316396497481563621e+00
2.306915648866719959e+00
2.297276801990709938e+00
2.287482625099199307e+00
2.277536929971708979e+00
2.267442575442879971e+00
2.257202992114282214e+00
2.246821419998509040e+00
2.236301099108152890e+00
2.225645460044783697e+00
2.214857742820994346e+00
2.203940806271426744e+00
2.192898652764577960e+00
2.181733950546112411e+00
2.170450130217600915e+00
2.159050622380611184e+00
2.147538476458761725e+00
2.135917123053621136e+00
2.124189611588807036e+00
2.112359563254864625e+00
2.100430027475411077e+00
2.088404434852015878e+00
2.076285644219320048e+00
2.064077467356844942e+00
2.051782763099232021e+00
2.039404962048050329e+00
2.026947494804869798e+00
2.014413220204330557e+00
2.001805759436978693e+00
1.989128352515407538e+00
1.976384048863234044e+00
1.963576469671003633e+00
1.950708473773357543e+00
1.937783682360840976e+00
1.924805144857071548e+00
1.911776291863618304e+00
1.898700172804098418e+00
1.885580218280081377e+00
1.872419858893136224e+00
1.859222144066880800e+00
1.845990123224931612e+00
1.832727417557834526e+00
1.819436885900230338e+00
1.806122149442664693e+00
1.792785876430802672e+00
1.779431688055189698e+00
1.766062824328418879e+00
1.752682525263083546e+00
1.739293649693824717e+00
1.725899628222212101e+00
1.712503891449814741e+00
1.699109107622297721e+00
1.685719088519182396e+00
1.672336883564086385e+00
1.658965351591650483e+00
1.645608113792420113e+00
1.632268410178988827e+00
1.618949099585997420e+00
1.605653803203991536e+00
1.592385379867611972e+00
1.579147355472916736e+00
1.565942684149034259e+00
1.552774796497534471e+00
1.539646837236522181e+00
1.526561951084102864e+00
1.513523378052869628e+00
1.500534358155416026e+00
1.487598226698823245e+00
1.474718128401196315e+00
1.461897112686152633e+00
1.449138610155261464e+00
1.436445860821116138e+00
1.423821723518357896e+00
1.411269819437531936e+00
1.398793198002255433e+00
1.386395194519610019e+00
1.374078858413212423e+00
1.361847620284632576e+00
1.349704434262999131e+00
1.337652635655393496e+00
1.325695559768897080e+00
1.313836256027127281e+00
1.302077964442676983e+00
1.290423925028139740e+00
1.278877473090596517e+00
1.267441658053664932e+00
1.256119815224426173e+00
1.244915089320985269e+00
1.233830720355935773e+00
1.222869567163918481e+00
1.212032963867766266e+00
1.201321863412359248e+00
1.190737218742577985e+00
1.180279982803302818e+00
1.169951013244925786e+00
1.159751548895791906e+00
1.149682256817317061e+00
1.139744280543357746e+00
1.129938477724306223e+00
1.120265991894019209e+00
1.110727490113912808e+00
1.101324115917843516e+00
1.092056917545179751e+00
1.082926562057337616e+00
1.073934288282661687e+00
1.065080953871544445e+00
1.056367511768866008e+00
1.047794914919506937e+00
1.039364116268347793e+00
1.031076068760268472e+00
1.022931915929125690e+00
1.014932229541847697e+00
1.007078343721266922e+00
9.993711161177757374e-01
9.918114043817666259e-01
9.844002567526076719e-01
9.771385308806915804e-01
9.700273702998745140e-01
9.630675373660609884e-01
9.562601756131072772e-01
9.496060473969176741e-01
9.431062962513487857e-01
9.367617798267928730e-01
9.305735463626183535e-01
9.245423582147295205e-01
9.186694542114708373e-01
9.129555014142586300e-01
9.074017386514372507e-01
9.020089282789111040e-01
8.967781185360486074e-01
8.917101670732421326e-01
8.868062174243480644e-01
8.820671272397586637e-01
8.774937541698664134e-01
8.730872417485276982e-01
8.688485429206228572e-01
8.647784200420561840e-01
8.608780166466842854e-01
8.571481903848993111e-01
8.535896083181176985e-01
8.502013175014588864e-01
8.469821744010664899e-01
8.439306543051319220e-01
8.410458042687748437e-01
8.383261948746746350e-01
8.357705872944869441e-01
8.333777426998670856e-01
8.311463269679826293e-01
8.290751965649771904e-01
8.271630173680181164e-01
8.254085505487610552e-01
8.238105572788614328e-01
8.223677034354867077e-01
8.210787501902924168e-01
8.199424587149342081e-01
8.189575901810672853e-01
8.181228104658594402e-01
8.174369760354540659e-01
8.168986574725306538e-01
8.165067112432327079e-01
8.162598985192157652e-01
8.161568851776472844e-01
8.161964323901828022e-01
8.163773013284778557e-01
8.166982531641879817e-01
8.171579537744805277e-01
8.177551643310110308e-01
8.184886460054351387e-01
8.193570646749201991e-01
8.203591815111218599e-01
8.214939482746714816e-01
8.227597449592727319e-01
8.241555233255568602e-01
8.256801398396677039e-01
8.273320697897965648e-01
8.291101696420869471e-01
8.310131052737063095e-01
8.330397331507983782e-01
8.351888144450184681e-01
8.374589197390460704e-01
8.398489054990248004e-01
8.423575328966100839e-01
8.449834678089694906e-01
8.477254714077584463e-01
8.505823048646324880e-01
8.535526340567590742e-01
8.566353154502819311e-01
8.598290149223682954e-01
8.631324936446738150e-01
8.665441316109017134e-01
8.700610699864110842e-01
8.736801640530965640e-01
8.773983643873409788e-01
8.812124309765509977e-01
8.851191238081334012e-01
8.891153934584710150e-01
8.931979999149705085e-01
8.973637984595267403e-01
9.016097396685223142e-01
9.059325835293642326e-01
9.103290900294590537e-01
9.147962097451896035e-01
9.193307026639625512e-01
9.239294240676727554e-01
9.285892292382149638e-01
9.333069734574839238e-01
9.380794167128864158e-01
9.429036048752932331e-01
9.477761073431349992e-01
9.526939699872825074e-01
9.576538575006545706e-01
9.626528157541220931e-01
9.676875094406035549e-01
9.727547938419938145e-01
9.778516195346755868e-01
9.829746512115677959e-01
9.881209347435411239e-01
9.932871348235141618e-01
9.984702020278699575e-01
1.003666896344014958e+00
1.008874168348332212e+00
1.014088682733740310e+00
1.019307485371110156e+00
1.024527240953360341e+00
1.029744804762385613e+00
1.034957127374568797e+00
1.040160968777316786e+00
1.045353184252524104e+00
1.050530629082085499e+00
1.055690158547895940e+00
1.060828437342874242e+00
1.065942606632378942e+00
1.071029331109328853e+00
1.076085370761130644e+00
1.081107676164167142e+00
1.086093007305845237e+00
1.091038410057035613e+00
1.095940453816169002e+00
1.100796089159628233e+00
1.105602933725212011e+00
1.110361178101896940e+00
1.115071870529051212e+00
1.119735868657067090e+00
1.124354411314289148e+00
1.128928165562133490e+00
1.133458465523432768e+00
1.137946073554091386e+00
1.142392133187965619e+00
1.146797406780959871e+00
1.151163133161418717e+00
1.155490169979734194e+00
1.159779565475274943e+00
1.164032272592921302e+00
1.168249244277553389e+00
1.172431624063028144e+00
1.176580174305249527e+00
1.180696038538074255e+00
1.184780360295358381e+00
1.188833806638518453e+00
1.192857521101410745e+00
1.196852456628915817e+00
1.200819661460402088e+00
1.204760088540749674e+00
1.208674786109327215e+00
1.212564707111015050e+00
1.216430804490693518e+00
1.220274126487731037e+00
1.224095626047008167e+00
1.227896351407892883e+00
1.231677160220777889e+00
1.235439196019519459e+00
1.239183411748998154e+00
1.242910760354094091e+00
1.246622194779687831e+00
1.250318858559635649e+00
1.254001514049842170e+00
1.257671304784163446e+00
1.261329279001968340e+00
1.264976389648136745e+00
1.268613494373061146e+00
1.272241736710598259e+00
1.275861974311140123e+00
1.279475350708543457e+00
1.283082723553200299e+00
1.286685141084479289e+00
1.290283651541748622e+00
1.293879112575400780e+00
1.297472667719292261e+00
1.301065174623815102e+00
