# te
6.920249509372604635e-01
8.438547998926541061e-01
8.084259292466348112e-01
6.832640045322954103e-01
5.352858158416424761e-01
4.026509926698959574e-01
3.024366884513151055e-01
2.359622077255341122e-01
1.987038973217943039e-01
1.833083223352544311e-01
1.825295996026345680e-01
1.881121770362762236e-01
1.930070617969957547e-01
1.962577711965505234e-01
1.986845763643446949e-01
2.021218247242327348e-01
2.081971818673269414e-01
2.166972596112894944e-01
2.270025246657670637e-01
2.387106437022656069e-01
2.513851441419517330e-01
2.642361776207272084e-01
2.762772794220505479e-01
2.860888475576282008e-01
2.926695513707848750e-01
2.971247354518887218e-01
3.007316080004833747e-01
3.033482278766371221e-01
3.046650071123382930e-01
3.051212056501954595e-01
3.050784660723107056e-01
3.038398044931781561e-01
3.005008523977007462e-01
2.943868056924633381e-01
2.851048366741537055e-01
2.731607684852744855e-01
2.591814006208918442e-01
2.433794542019273588e-01
2.258639461226958633e-01
2.066918863106657067e-01
1.857118756479674559e-01
1.627204365790191898e-01
1.375140558128059576e-01
1.098892319701238462e-01
7.967680542289540258e-02
4.684475722314006274e-02
1.139540868502736219e-02
-2.666893972294242382e-02
-6.734597264250526127e-02
-1.106357809012200599e-01
-1.565480815589138930e-01
-2.050949651037564936e-01
-2.562885458475396283e-01
-3.101409142784330442e-01
-3.666694139932595853e-01
-4.259121866108561694e-01
-4.879126864177679157e-01
-5.527143200532957934e-01
-6.203604941567409936e-01
-6.908798923690027127e-01
-7.642423539846170399e-01
-8.404029476524743636e-01
-9.193166943742210329e-01
-1.000938901034967632e+00
-1.085224969814312379e+00
-1.172133447609959189e+00
-1.261622881319611533e+00
-1.353652580196877731e+00
-1.448181091139461474e+00
-1.545179349328511087e+00
-1.644666604250610398e+00
-1.746674207792323630e+00
-1.851233035367774837e+00
-1.958374724746992479e+00
-2.068104040654378473e+00
-2.180321114466469812e+00
-2.294899966870080465e+00
-2.411714427963049356e+00
-2.530638327843214519e+00
-2.651561124904453060e+00
-2.774433075424008965e+00
-2.899220826331069478e+00
-3.025889690431988743e+00
-3.154405933478001689e+00
-3.284728960017204269e+00
-3.416790729785137870e+00
-3.550517866026013269e+00
-3.685835657861209924e+00
-3.822669775590057828e+00
-3.960943602444174871e+00
-4.100569848672519946e+00
-4.241456650388623295e+00
-4.383514049595778950e+00
-4.526651325941374537e+00
-4.670778140250750887e+00
-4.815803009815391889e+00
-4.961635976638589796e+00
-5.108185939189781699e+00
-5.255362939472259853e+00
-5.403075494777508148e+00
-5.551233647108820612e+00
-5.699746294935630786e+00
-5.848523099083281274e+00
-5.997472958021208278e+00
-6.146505532574750852e+00
-6.295530102391299287e+00
-6.444456709474144951e+00
-6.593193871114771731e+00
-6.741650485782616720e+00
-6.889732783701449925e+00
-7.037329460909245604e+00
-7.184325401664452215e+00
-7.330604727869618031e+00
-7.476053848495001652e+00
-7.620556885443149575e+00
-7.763997960616608296e+00
-7.906262720629733565e+00
-8.047236812096878467e+00
-8.186803594564688424e+00
-8.324847952291611008e+00
-8.461256294247908372e+00
-8.595912742336125234e+00
-8.728701418458808092e+00
-8.859507969230312696e+00
-8.988217278909088392e+00
-9.114714231753589857e+00
-9.238883712022262884e+00
-9.360610603973560373e+00
-9.479779029510030597e+00
-9.596277684669642483e+00
-9.710002889049414776e+00
-9.820856298737689727e+00
-9.928738807466910288e+00
-1.003354978425770838e+01
-1.013519012284252518e+01
-1.023355995459789902e+01
-1.032856017325626752e+01
-1.042009091019416900e+01
-1.050805305914404641e+01
-1.059234675148243454e+01
-1.067287288094177455e+01
-1.074953005418679375e+01
-1.082222145201764896e+01
-1.089084644345497033e+01
-1.095530439751939156e+01
-1.101549697029925667e+01
-1.107132505552700863e+01
-1.112268802222327757e+01
-1.116948600176460360e+01
-1.121162827379837168e+01
-1.124904317686957889e+01
-1.128167124721768921e+01
-1.130945149637036096e+01
-1.133232064878753498e+01
-1.135021619128506032e+01
-1.136307942245830382e+01
-1.137084630441130706e+01
-1.137345661102762762e+01
-1.137084782912311454e+01
-1.136295820786951971e+01
-1.134972599643859503e+01
-1.133108944400209239e+01
-1.130698756208766476e+01
-1.127735859986706757e+01
-1.124214080651205094e+01
-1.120127166883846392e+01
-1.115469096072986410e+01
-1.110233464429029304e+01
-1.104414325575921296e+01
-1.098005504430837753e+01
-1.091000825910953687e+01
-1.083393886226673075e+01
-1.075178739001942496e+01
-1.066349209153936961e+01
-1.056899960191326393e+01
-1.046829238695531039e+01
-1.036136282310646273e+01
-1.024820023738406505e+01
-1.012879700622907109e+01
-1.000314550608243991e+01
-9.871235063961508516e+00
-9.733057293951333122e+00
-9.588604572492869238e+00
-9.437868513671169524e+00
-9.280839206859477386e+00
-9.117508266142847262e+00
-8.947867305606328259e+00
-8.771907176979073739e+00
-8.589619494346132811e+00
-8.400995109436655284e+00
-8.206026398691598445e+00
-8.004703451484205701e+00
-7.797018644255434339e+00
-7.582962828734431504e+00
-7.362526856650347895e+00
-7.135702342088235284e+00
-6.902480899133145442e+00
-6.662854141870131919e+00
-6.416812159672439009e+00
-6.164365625522726155e+00
-5.905595730324801451e+00
-5.640604248591889913e+00
-5.369491430125405529e+00
-5.092357524726764950e+00
-4.809303163375334478e+00
-4.520429358228434502e+00
-4.225836359087479899e+00
-3.925624415753886876e+00
-3.619894921562926360e+00
-3.308747745138062246e+00
-2.992283708047637436e+00
-2.670603631859996607e+00
-2.343808147554506061e+00
-2.011997314343605847e+00
-1.675271953795639091e+00
-1.333732696889973868e+00
-9.874801746059773677e-01
-6.366149702757731843e-01
-2.812375957606187971e-01
7.855134178374036102e-02
4.426512828488027296e-01
8.109616202788227923e-01
1.183381723094433013e+00
1.559811150905241917e+00
1.940149272731882091e+00
2.324295267006009968e+00
2.712148788631722152e+00
3.103609206629650785e+00
3.498575890020428236e+00
3.896948398413663917e+00
4.298626100829989305e+00
4.703508366290037657e+00
5.111494563814440895e+00
5.522484062423832718e+00
5.936376231138843274e+00
6.353070820158059462e+00
6.772467198502112318e+00
7.194464735191634652e+00
7.618962799247259277e+00
8.045859997333714375e+00
8.475057223183441124e+00
8.906453083461167708e+00
9.339946947187524273e+00
9.775438945739050922e+00
1.021282692342457032e+01
1.065201177397652366e+01
1.109289210405963999e+01
1.153536880740635695e+01
1.197933820361369328e+01
1.242469280049914282e+01
1.287127860217003494e+01
1.331893246446285062e+01
1.376749048085816440e+01
1.421679255661607577e+01
1.466667097343763793e+01
1.511697021071837099e+01
1.556751950073571678e+01
1.601816027346157867e+01
1.646872938473243408e+01
1.691906216567295829e+01
1.736899852154324719e+01
1.781837225875615971e+01
1.826702175785998961e+01
1.871478539940302710e+01
1.916149851450993680e+01
1.960699795901720321e+01
2.005112363818491872e+01
2.049370783371414362e+01
2.093459197557677953e+01
2.137361139489750173e+01
2.181060294751278406e+01
2.224540501397092029e+01
2.267785292539657860e+01
2.310778353762624349e+01
2.353503675592000377e+01
2.395944638669072901e+01
2.438085233519851869e+01
2.479908688314441889e+01
2.521399298521214760e+01
2.562540749723818578e+01
2.603316117621177739e+01
2.643709392739302189e+01
2.683704718075382090e+01
2.723285321799523118e+01
2.762435346908916145e+01
2.801138021573666137e+01
2.839377183848601760e+01
2.877136671788552391e+01
2.914400018505985202e+01
2.951151062055728502e+01
2.987373640492611671e+01
3.023050981986739671e+01
3.058167534477664873e+01
3.092706221193131455e+01
3.126651490072691075e+01
3.159986264344087914e+01
3.192694991946873984e+01
3.224760596108793465e+01
3.256167829711759509e+01
3.286900835752962990e+01
3.316952600558084896e+01
3.346316110452804793e+01
3.374984961647527371e+01
3.402952750352656608e+01
3.430213072778595063e+01
3.456759525135748135e+01
3.482585398692157241e+01
3.507684594600588213e+01
3.532050404129083176e+01
3.555676423488046112e+01
3.578556553830242137e+01
3.600683781481352241e+01
3.622052312536503393e+01
3.642655133321376582e+01
3.662485840046375074e+01
3.681538333864264700e+01
3.699806210985448729e+01
3.717282457735608858e+01
3.733960975267510207e+01
3.749835359791556044e+01
3.764899207518151059e+01
3.779145809715337379e+01
3.792569067535880123e+01
3.805162272247821420e+01
3.816919325003927099e+01
3.827833212129877438e+01
3.837897834778438977e+01
3.847106789160014273e+01
3.855453366542646165e+01
3.862931773021461623e+01
3.869534385037417934e+01
3.875256018570366479e+01
3.880089355003624263e+01
3.884028600432320388e+01
3.887066741182134422e+01
3.889197678405832193e+01
3.890415008313817680e+01
3.890711717231771161e+01
3.890082011254819605e+01
3.888519181651005852e+01
3.886016824630733879e+01
3.882568536404406245e+01
3.878167608240066500e+01
3.872807941290479761e+01
3.866482826823688157e+01
3.859186470934819368e+01
3.850911250064829972e+01
3.841651675251209497e+01
3.831401037761999362e+01
3.820155373346497640e+01
3.807920780851938503e+01
3.794707323376258756e+01
3.780523234363225527e+01
3.765377967026051209e+01
3.749280364693226630e+01
3.732239880577964186e+01
3.714265053066392142e+01
3.695365335371723603e+01
3.675549570822450107e+01
3.654826907689420779e+01
3.633206189301127154e+01
3.610697173813144190e+01
3.587308094669237590e+01
3.563048710024983023e+01
3.537927558266508754e+01
3.511953787664665327e+01
3.485136546490305420e+01
3.457485287956641429e+01
3.429008550449802328e+01
3.399715787183001225e+01
3.369615536542365675e+01
3.338717251741110204e+01
3.307029776107723507e+01
3.274562562855419401e+01
3.241324760255049853e+01
3.207324601750379856e+01
3.172571845496986498e+01
3.137075334823358119e+01
3.100844218000347041e+01
3.063887948241166370e+01
3.026214758989582165e+01
2.987834103458808244e+01
2.948755129919696216e+01
2.908986681700735843e+01
2.868538212015140232e+01
2.827418259249037646e+01
2.785636581558003044e+01
2.743202022270526541e+01
2.700123119772736402e+01
2.656409327277845378e+01
2.612069793056705436e+01
2.567113360437806335e+01
2.521549330163180969e+01
2.475386698032499311e+01
2.428634459845432403e+01
2.381301458930470361e+01
2.333397453443188141e+01
2.284930676827352158e+01
2.235910887238537015e+01
2.186348147774680228e+01
2.136259535208037263e+01
2.085663193609131127e+01
2.034577267048484117e+01
1.983020204538979669e+01
1.931010150151140792e+01
1.878565247955489070e+01
1.825703946964909363e+01
1.772444391249923612e+01
1.718804877352235039e+01
1.664803701813546866e+01
1.610459161175561960e+01
1.555789247037622403e+01
1.500812560883792557e+01
1.445546941842233224e+01
1.390010838925828551e+01
1.334222701147462331e+01
1.278200596342066753e+01
1.221962897286935323e+01
1.165527519345818952e+01
1.108913216473963459e+01
1.052137827799529646e+01
9.952197260998108419e+00
9.381772841521009099e+00
8.810286460269219688e+00
8.237921082659774186e+00
7.664858911753798409e+00
7.091282150612419954e+00
6.517374527008576557e+00
5.943317862825441722e+00
5.369294361124144821e+00
4.795486987321716299e+00
4.222077944479283751e+00
3.649250198013880286e+00
3.077185950986632612e+00
2.506067597047644036e+00
1.936078292202923157e+00
1.367400048924621414e+00
8.002155467463061278e-01
2.347073460834352421e-01
-3.289420879430215439e-01
-8.905501472703625243e-01
-1.449934509719350118e+00
-2.006912209872952602e+00
-2.561301235259017872e+00
-3.112918525166027184e+00
-3.661582067121827766e+00
-4.207109086298364886e+00
-4.749317189045534349e+00
-5.288023409946304376e+00
-5.823056600100159130e+00
-6.354287159003368934e+00
-6.881596921490766405e+00
-7.404868865931042876e+00
-7.923982921269269397e+00
-8.438822447052089615e+00
-8.949268515758431519e+00
-9.455202962223129504e+00
-9.956508383636922588e+00
-1.045306432776692773e+01
-1.094475567887159961e+01
-1.143146198471805874e+01
-1.191306660485294522e+01
-1.238944832468747492e+01
-1.286049279083600716e+01
-1.332608031342156174e+01
-1.378609196492307021e+01
-1.424041034253127158e+01
-1.468891651872509385e+01
-1.513149461540708529e+01
-1.556802265563255361e+01
-1.599838476130405063e+01
-1.642246200490050256e+01
-1.684013698361264488e+01
-1.725129229463122371e+01
-1.765580596101154143e+01
-1.805356362936796089e+01
-1.844444637217940652e+01
-1.882833373721300063e+01
-1.920510984637128971e+01
-1.957465729684501099e+01
-1.993685411168947752e+01
-2.029158441280723579e+01
-2.063873232210083231e+01
-2.097817586262558009e+01
-2.130979763157221285e+01
-2.163348022613147137e+01
-2.194910776820590570e+01
-2.225655675613901252e+01
-2.255571131183334188e+01
-2.284645708190324953e+01
-2.312867056469223925e+01
-2.340223588210285399e+01
-2.366703410661402529e+01
-2.392294631070468114e+01
-2.416985509156556589e+01
-2.440764457109921537e+01
-2.463619277236094973e+01
-2.485538534196512117e+01
-2.506510182767885198e+01
-2.526524617265819828e+01
-2.545583667344486400e+01
-2.563690992312225347e+01
-2.580850099006196885e+01
-2.597064494263560519e+01
-2.612338447277380737e+01
-2.626675312413635766e+01
-2.640079053923028241e+01
-2.652553331113898949e+01
-2.664102108236950173e+01
-2.674728434715798997e+01
-2.684436884685871405e+01
-2.693231117455507828e+01
-2.701114487390687202e+01
-2.708090653799750314e+01
-2.714163885875761295e+01
-2.719337537984699082e+01
-2.723615879319627453e+01
-2.727001959304163847e+01
-2.729499437246648696e+01
-2.731112887282507984e+01
-2.731845663777720645e+01
-2.731701121098265617e+01
-2.730683833379568171e+01
-2.728796850045246458e+01
-2.726043830403640200e+01
-2.722429043647814240e+01
-2.717956149086108653e+01
-2.712628806026864225e+01
-2.706450368836059894e+01
-2.699425106706759792e+01
-2.691556983889666199e+01
-2.682848744866034707e+01
-2.673305268713652794e+01
-2.662929299913775694e+01
-2.651725412601829746e+01
-2.639696961143793175e+01
-2.626847604848007123e+01
-2.613181307965173872e+01
-2.598701729803634208e+01
-2.583412834614090059e+01
-2.567317976762520360e+01
-2.550421120499627747e+01
-2.532726077604933934e+01
-2.514236354915598071e+01
-2.494955764211142224e+01
-2.474888422213449246e+01
-2.454037683288498073e+01
-2.432407359215810416e+01
-2.410001261774907633e+01
-2.386825184870662397e+01
-2.362892698438171379e+01
-2.338220116893786482e+01
-2.312822992297955338e+01
-2.286717486595848925e+01
-2.259918999376734661e+01
-2.232443845056964093e+01
-2.204307728168166136e+01
-2.175526353241968991e+01
-2.146115729752363066e+01
-2.116091867173338770e+01
-2.085470470036524304e+01
-2.054267395344729508e+01
-2.022498652571944788e+01
-1.990179793778617423e+01
-1.957326980909918746e+01
-1.923956070968657883e+01
-1.890082768486464104e+01
-1.855723082937327106e+01
-1.820892871324056728e+01
-1.785607838178281170e+01
-1.749884145445171413e+01
-1.713737345185175798e+01
-1.677183294401103453e+01
-1.640238307509306281e+01
-1.602917784099051346e+01
-1.565237733644328522e+01
-1.527214165619128572e+01
-1.488862784555079877e+01
-1.450199447454991741e+01
-1.411240163792854574e+01
-1.372000638100297110e+01
-1.332496879851309224e+01
-1.292744746048700755e+01
-1.252759941224100082e+01
-1.212558398615906974e+01
-1.172156127698112016e+01
-1.131568909237933873e+01
-1.090812600238182206e+01
-1.049902981466075857e+01
-1.008855986160014773e+01
-9.676876237939891823e+00
-9.264135226640371812e+00
-8.850496922441493552e+00
-8.436119895371348321e+00
-8.021162715458030945e+00
-7.605783190373730740e+00
-7.190141414858352675e+00
-6.774395958939989804e+00
-6.358703867934927700e+00
-5.943223330693308881e+00
-5.528098813658997912e+00
-5.113474783275859359e+00
-4.699494562453901736e+00
-4.286302236459037296e+00
-3.874040365845370371e+00
-3.462853417056765970e+00
-3.052884903592207877e+00
-2.644277957772728449e+00
-2.237176474275264670e+00
-1.831723966598800324e+00
-1.428064138831296237e+00
-1.026340409177248336e+00
-6.266965293718615992e-01
-2.292759414432539722e-01
1.657776743442359590e-01
5.583207806680018370e-01
9.482097925581932651e-01
1.335300958279605821e+00
1.719450859627743133e+00
2.100515983103620865e+00
2.478352529324790332e+00
2.852817175381243686e+00
3.223765645418092074e+00
3.591055378881231164e+00
3.954542481093724859e+00
4.314082485611708151e+00
4.669533213059029464e+00
5.020749815813871919e+00
5.367589352144178427e+00
5.709908117961989937e+00
6.047562409179345622e+00
6.380408902886236966e+00
6.708303513816750829e+00
7.031104062594736526e+00
7.348664939242471661e+00
7.660843583205853236e+00
7.967496671574871847e+00
8.268479356727711505e+00
8.563649840466172947e+00
8.852863275168438406e+00
9.135977100280404883e+00
9.412847230536158349e+00
9.683328818313881925e+00
9.947280065415377237e+00
1.020455612421882741e+01
1.045501443417012588e+01
1.069851091000336396e+01
1.093490222880853047e+01
1.116404430531971315e+01
1.138581592494812966e+01
1.160018049461037393e+01
1.180712352954426159e+01
1.200663283205532572e+01
1.219869315502548091e+01
1.238329001369254456e+01
1.256040968565024052e+01
1.273003768613638442e+01
1.289216105510060473e+01
1.304676378306891138e+01
1.319383443470274031e+01
1.333335623817219506e+01
1.346531547107100124e+01
1.358969993570468660e+01
1.370649438495516748e+01
1.381568357170435846e+01
1.391725529825778729e+01
1.401119584220917957e+01
1.409748843172864063e+01
1.417612086912170177e+01
1.424707638255846653e+01
1.431034582376808473e+01
1.436591242092066167e+01
1.441375940218630269e+01
1.445387761929415582e+01
1.448624877570251712e+01
1.451086219842872893e+01
1.452770111564289479e+01
1.453675332965054601e+01
1.453800359333359715e+01
1.453143665957396102e+01
1.451704338010078921e+01
1.449480240894875749e+01
1.446470459784701568e+01
1.442673469967747835e+01
1.438087899203386755e+01
1.432712222779809785e+01
1.426545068456389131e+01
1.419585063992496998e+01
1.411830684676325021e+01
1.403280710738425974e+01
1.393933769938172418e+01
1.383788032621393960e+01
1.372842583961005403e+01
1.361095746774017279e+01
1.348546148819801793e+01
1.335192417857731151e+01
1.321033029175997164e+01
1.306066763005152431e+01
1.290292247104569512e+01
1.273709938887791004e+01
1.256329672745982151e+01
1.238163341431250153e+01
1.219222685224521285e+01
1.199519596877902572e+01
1.179065816672320288e+01
1.157873389831062205e+01
1.135953827928283388e+01
1.113319252422862071e+01
1.089981251124543604e+01
1.065951945492206576e+01
1.041242923335595982e+01
1.015866153642409664e+01
9.898333766935737188e+00
9.631564852411949929e+00
9.358473720373810423e+00
9.079177011274671472e+00
8.793794414991509711e+00
8.502444096689494302e+00
8.205244221533787297e+00
7.902312954689557856e+00
7.593768461321971586e+00
7.279729668952099608e+00
6.960314742745108418e+00
6.635641847866163623e+00
6.305829911836336343e+00
5.970995956286937023e+00
5.631259671094939634e+00
5.286738459069606932e+00
4.937551628909962353e+00
4.583816583425266877e+00
4.225651868958639312e+00
3.863176031853199355e+00
3.496507237274111723e+00
3.125764222153472272e+00
2.751064961067470893e+00
2.372528000359226397e+00
1.990271314604928454e+00
1.604413450147696318e+00
1.215072762741672197e+00
8.223677034354867077e-01
4.264163897470621967e-01
2.733726974707642240e-02
-3.747513395237138667e-01
-7.797309959505364096e-01
-1.187483579037516002e+00
-1.597890542441534389e+00
-2.010833768644668673e+00
-2.426194806598288789e+00
-2.843855109959275929e+00
-3.263691367660109588e+00
-3.685559685023853227e+00
-4.109310259115313002e+00
-4.534793668177244719e+00
-4.961860490452406403e+00
-5.390362066539458930e+00
-5.820148593503208900e+00
-6.251070649586412564e+00
-6.682978813031827947e+00
-7.115723280904259873e+00
-7.549156156158273845e+00
-7.983126492324818635e+00
-8.417486392358460634e+00
-8.852084909790148615e+00
-9.286773385218543453e+00
-9.721402396886404063e+00
-1.015582328539239043e+01
-1.058988586662335507e+01
-1.102344071882205689e+01
-1.145633918258715767e+01
-1.188843183616141275e+01
-1.231956773307577357e+01
-1.274959897628480299e+01
-1.317837690638716452e+01
-1.360575057691380607e+01
-1.403157056610748654e+01
-1.445568897692277055e+01
-1.487795486289060598e+01
-1.529822032696556100e+01
-1.571633442267858172e+01
-1.613215077769604378e+01
-1.654551539612528188e+01
-1.695628343034447383e+01
-1.736430240917276180e+01
-1.776942443556471218e+01
-1.817150008776308212e+01
-1.857037841929881949e+01
-1.896591305783829995e+01
-1.935795153220066567e+01
-1.974634747005228519e+01
-2.013094840021230425e+01
-2.051160795034709494e+01
-2.088817364927579590e+01
-2.126049759995297705e+01
-2.162843038062139200e+01
-2.199182561894741994e+01
-2.235052931903838669e+01
-2.270439510856066789e+01
-2.305327051633340574e+01
-2.339700917002297587e+01
-2.373547689499021729e+01
-2.406859745564470643e+01
-2.439632053649675214e+01
-2.471858362436220702e+01
-2.503533030490415001e+01
-2.534650568849747287e+01
-2.565205031138163960e+01
-2.595190928393154550e+01
-2.624602619181026242e+01
-2.653434004654545575e+01
-2.681679595851201015e+01
-2.709333903808482091e+01
-2.736390829679153924e+01
-2.762845189443067540e+01
-2.788690884252988411e+01
-2.813921815261682369e+01
-2.838533103391361578e+01
-2.862518649794791870e+01
-2.885872965509462063e+01
-2.908589951688138342e+01
-2.930664119368309173e+01
-2.952089979587463731e+01
-2.972861433498367489e+01
-2.992972687196148129e+01
-3.012418556660656321e+01
-3.031193247987019390e+01
-3.049290357385640604e+01
-3.066705005778733550e+01
-3.083431094319062993e+01
-3.099463134044118107e+01
-3.114795635991388423e+01
-3.129421891428915359e+01
-3.143337021278911791e+01
-3.156535536578867251e+01
-3.169011033539184652e+01
-3.180758023197353523e+01
-3.191771016590863397e+01
-3.202044219814840886e+01
-3.211571838964412962e+01
-3.220348385077070219e+01
-3.228368064247938207e+01
-3.235624472687421616e+01
-3.242113341202456667e+01
-3.247827656118723638e+01
-3.252762233416073201e+01
-3.256911584131994175e+01
-3.260269609419251680e+01
-3.262830515372974816e+01
-3.264589422915373973e+01
-3.265539623314493411e+01
-3.265677762204352064e+01
-3.265008413720376979e+01
-3.263537676709803037e+01
-3.261271954962224839e+01
-3.258217652267239828e+01
-3.254380867472081462e+01
-3.249768004366346474e+01
-3.244385466739630886e+01
-3.238239353439168866e+01
-3.231336373196918288e+01
-3.223682319917752181e+01
-3.215284207275989559e+01
-3.206147524234141599e+01
-3.196279284466528381e+01
-3.185685891762745214e+01
-3.174372835085303279e+01
-3.162347128108522654e+01
-3.149614869679636797e+01
-3.136182768530604292e+01
-3.122056618566297814e+01
-3.107242823576313029e+01
-3.091747787350246313e+01
-3.075577913677693687e+01
-3.058739606348251172e+01
-3.041238964209153650e+01
-3.023082086107634936e+01
-3.004276290660376603e+01
-2.984826456945166129e+01
-2.964740208521046583e+01
-2.944023339292890640e+01
-2.922681948107932470e+01
-2.900722743698129946e+01
-2.878151519968355743e+01
-2.854975290592929937e+01
-2.831200154419086346e+01
-2.806831905351697642e+01
-2.781877557065083550e+01
-2.756343208406478595e+01
-2.730234958223116948e+01
-2.703559515246956479e+01
-2.676322673382869866e+01
-2.648531446305176829e+01
-2.620191627918749688e+01
-2.591309622013185177e+01
-2.561891832378078959e+01
-2.531944815274207983e+01
-2.501474364606444922e+01
-2.470487189106747650e+01
-2.438989692564712541e+01
-2.406987821356392843e+01
-2.374489503983193472e+01
-2.341506785668402202e+01
-2.308053693760658120e+01
-2.274143340781515121e+01
-2.239789601608431724e+01
-2.205006046176504242e+01
-2.169806396892010270e+01
-2.134204071218865195e+01
-2.098212791563346613e+01
-2.061846127860551192e+01
-2.025117650045574891e+01
-1.988041232995876584e+01
-1.950630141704190734e+01
-1.912898098576794936e+01
-1.874858673548785504e+01
-1.836525741497620601e+01
-1.797912414944854831e+01
-1.759032873710307143e+01
-1.719900230315532497e+01
-1.680528359637988345e+01
-1.640930984083952637e+01
-1.601121216174979267e+01
-1.561113235730887894e+01
-1.520920460215594261e+01
-1.480556307093014112e+01
-1.440034498769424864e+01
-1.399368910122284859e+01
-1.358572653673147812e+01
-1.317659756770652990e+01
-1.276643560643125497e+01
-1.235537863932433389e+01
-1.194356084102492233e+01
-1.153112019795169729e+01
-1.111819164709972085e+01
-1.070491241253176540e+01
-1.029141743124289476e+01
-9.877842402584072090e+00
-9.464324550618071541e+00
-9.050999574695859806e+00
-8.638003936524304649e+00
-8.225473335454372759e+00
-7.813542708481124421e+00
-7.402350804379141280e+00
-6.992031035431677921e+00
-6.582721388057410472e+00
-6.174557180429353309e+00
-5.767674493076422770e+00
-5.362209406527537858e+00
-4.958297620133662598e+00
-4.556076357957571155e+00
-4.155673695791186617e+00
-3.757190645791827599e+00
-3.360720977735723647e+00
-2.966358651988079131e+00
-2.574197247736146998e+00
-2.184330534756156350e+00
-1.796852664002287936e+00
-1.411856738189354532e+00
-1.029436812977048588e+00
-6.496867534360873941e-01
-2.727002102245895676e-01
1.014289754103499391e-01
4.726071051633683462e-01
8.407403854346149341e-01
1.205735046447860670e+00
1.567497413721364863e+00
1.925933431595434620e+00
2.280949806766281451e+00
2.632452483574212021e+00
2.980347882831973827e+00
3.324541853585385454e+00
3.664941007236171000e+00
4.001451383419125207e+00
4.333979212358019417e+00
4.662430724276624083e+00
4.986712530576663305e+00
5.306730480303955666e+00
5.622391184860224378e+00
5.933599730935385175e+00
6.240263873465016431e+00
6.542289842672889932e+00
6.839581962893016787e+00
7.132049132594832308e+00
7.419595294934394403e+00
7.702127442491379483e+00
7.979551805489558447e+00
8.251775376508607707e+00
8.518703623416392645e+00
8.780243538792587898e+00
9.036299828149157776e+00
9.286780246421683316e+00
9.531590261478028125e+00
9.770636103541965767e+00
1.000382476519317088e+01
1.023106095194360421e+01
1.045225318108475321e+01
1.066730539577267578e+01
1.087612535094294941e+01
1.107861851446344126e+01
1.127469187891382774e+01
1.146426768399187068e+01
1.164733830613852739e+01
1.182391441833645729e+01
1.199400211943289385e+01
1.215761208241049829e+01
1.231475269318421795e+01
1.246543233766900016e+01
1.260966321355931363e+01
1.274744989499058256e+01
1.287880610436908668e+01
1.300373641583025197e+01
1.312225226471264072e+01
1.323436279928710668e+01
1.334007411840088153e+01
1.343939994446024500e+01
1.353234637631243231e+01
1.361892256222829189e+01
1.369913765047867749e+01
1.377300078933444105e+01
1.384052112706643278e+01
1.390170781194550464e+01
1.395656999224250860e+01
1.400511529151648737e+01
1.404735438275010218e+01
1.408329488950239394e+01
1.411294748475602567e+01
1.413631979207003653e+01
1.415342248442708950e+01
1.416426166067441983e+01
1.416884951850649266e+01
1.416719215677054677e+01
1.415930024844923807e+01
1.414518294181342206e+01
1.412484786042213969e+01
1.409830720196985965e+01
1.406556554059200614e+01
1.402663507398305320e+01
1.398152495041384569e+01
1.393024126873162416e+01
1.387279622663085377e+01
1.380919744767057722e+01
1.373945255540984078e+01
1.366357374754310960e+01
1.358156559820581144e+01
1.349344335451603172e+01
1.339920854118557969e+01
1.329887793004435004e+01
1.319245457051595771e+01
1.307994913558306571e+01
1.296137229822833170e+01
1.283674540441707990e+01
1.270615078858696911e+01
1.256968145815833005e+01
1.242743499468690693e+01
1.227950364323712584e+01
1.212598346065292354e+01
1.196697126613414852e+01
1.180255854238931690e+01
1.163284287097417824e+01
1.145792030873267464e+01
1.127788310072922506e+01
1.109282577909596590e+01
1.090284745010045242e+01
1.070803883409529789e+01
1.050849751263625365e+01
1.030431725549954614e+01
1.009559411952911745e+01
9.882421874501199355e+00
9.664896577259730392e+00
9.443112759936845180e+00
9.217165717020581184e+00
8.987149980643069469e+00
8.753160082936446429e+00
8.515292843100557008e+00
8.273642030911627643e+00
8.028302178501794728e+00
7.779369342714997693e+00
7.526938055683371154e+00
7.271102849539047952e+00
7.011959781125969293e+00
6.749602620220363391e+00
6.484128186022077855e+00
6.215629485951437161e+00
5.944203339208285364e+00
5.669943515568853343e+00
5.392944928343225364e+00
5.113303253197392095e+00
4.831113403441436915e+00
4.546469911207494441e+00
4.259468070983601251e+00
3.970202796079843832e+00
3.678769762162210633e+00
3.385263120184883068e+00
3.089778545813850474e+00
2.792410190003293824e+00
2.493253728419203341e+00
2.192404074371663292e+00
1.889956331759736097e+00
1.586005032715554153e+00
1.280645757610619162e+00
9.739737056384805136e-01
6.660874112997690055e-01
3.570855758604693508e-01
4.706718647003042821e-02
-2.638689364874529653e-01
-5.756239249806419656e-01
-8.880987918600876663e-01
-1.201194931154293544e+00
-1.514813093653968323e+00
-1.828854649563993462e+00
-2.143220683205786070e+00
-2.457812564784227050e+00
-2.772530997442781864e+00
-3.087277256091844002e+00
-3.401952234463853753e+00
-3.716457588647156918e+00
-4.030693831196242805e+00
-4.344562618199455883e+00
-4.657964843389238219e+00
-4.970802162853933837e+00
-5.282974326792128750e+00
-5.594384134826023924e+00
-5.904930955976253060e+00
-6.214517971042968547e+00
-6.523044167868850884e+00
-6.830412346076102814e+00
-7.136522637041260886e+00
-7.441276696852670014e+00
-7.744575419242772263e+00
-8.046319697944007032e+00
-8.346411189044721013e+00
-8.644750786277354493e+00
-8.941239383374350425e+00
-9.235778636424051058e+00
-9.528268676802994719e+00
-9.818611922955431837e+00
-1.010670850625789896e+01
-1.039246084515464474e+01
-1.067576754631039826e+01
-1.095653179052531456e+01
-1.123465523388773590e+01
-1.151003648306239135e+01
-1.178257871884943775e+01
-1.205218283498131271e+01
-1.231874972519045919e+01
-1.258218104556522299e+01
-1.284237616512623426e+01
-1.309923826467364982e+01
-1.335266671322809984e+01
-1.360256392923383473e+01
-1.384883995469414764e+01
-1.409145514710201574e+01
-1.433037138866222193e+01
-1.456555970985040460e+01
-1.479698351758315589e+01
-1.502461384233611241e+01
-1.524841561573767912e+01
-1.546835529412806487e+01
-1.568440085855928778e+01
-1.589651724065975280e+01
-1.610467547090509299e+01
-1.630883895621190760e+01
-1.650897567763220763e+01
-1.670505361621802365e+01
-1.689703922830955563e+01
-1.708489897024702131e+01
-1.726860082308243705e+01
-1.744811276786782273e+01
-1.762339821151977404e+01
-1.779442665980211657e+01
-1.796116609376687023e+01
-1.812357992033062715e+01
-1.828163916996902927e+01
-1.843530877431047443e+01
-1.858455518969517328e+01
-1.872934792188695496e+01
-1.886965190251422086e+01
-1.900543358791718163e+01
-1.913666095914786069e+01
-1.926330352197008011e+01
-1.938532315858862987e+01
-1.950269089947914480e+01
-1.961537320098183557e+01
-1.972333347001329429e+01
-1.982654426176096862e+01
-1.992497050785325996e+01
-2.001857561520676043e+01
-2.010733213900891769e+01
-2.019120348617632033e+01
-2.027015763776099533e+01
-2.034416105010314979e+01
-2.041318322896661286e+01
-2.047718758126797667e+01
-2.053614513748287607e+01
-2.059001777981609749e+01
-2.063877653874328288e+01
-2.068238787060463579e+01
-2.072081670702856115e+01
-2.075403407849069382e+01
-2.078200186719582376e+01
-2.080470482602586202e+01
-2.082217497392878514e+01
-2.083446110168247500e+01
-2.084161047535299716e+01
-2.084367188571822282e+01
-2.084069107413241184e+01
-2.083271683137343899e+01
-2.081979947293098832e+01
-2.080198321544751039e+01
-2.077931684970088000e+01
-2.075184916646897193e+01
-2.071962743181785171e+01
-2.068270043652539769e+01
-2.064111239723405689e+01
-2.059491515414531904e+01
-2.054415444861344398e+01
-2.048888059612811929e+01
-2.042913628861998276e+01
-2.036497489100233338e+01
-2.029644061991762527e+01
-2.022358379085553537e+01
-2.014645014517032706e+01
-2.006508847363987513e+01
-1.997954604233024511e+01
-1.988987164201931179e+01
-1.979611101406133500e+01
-1.969831447394599522e+01
-1.959652928773936154e+01
-1.949080272150749948e+01
-1.938118051660466890e+01
-1.926771451323235951e+01
-1.915045045274482760e+01
-1.902943560120814581e+01
-1.890471874940018537e+01
-1.877634716338701182e+01
-1.864436810923469778e+01
-1.850883190243291665e+01
-1.836978275962412965e+01
-1.822727099629801017e+01
-1.808134540323244011e+01
-1.793205019706986647e+01
-1.777943569329997331e+01
-1.762354915798882615e+01
-1.746443633249068128e+01
-1.730214905700703909e+01
-1.713673307289214875e+01
-1.696823564621207936e+01
-1.679670556774470924e+01
-1.662219010355610038e+01
-1.644473804442413112e+01
-1.626439970583848549e+01
-1.608125437281320558e+01
-1.589538133036234591e+01
-1.570686291292356529e+01
-1.551577840551091469e+01
-1.532221166727386397e+01
-1.512624045851465304e+01
-1.492794863838275354e+01
-1.472741396718040718e+01
-1.452472335348070054e+01
-1.431995455758587532e+01
-1.411318533979816614e+01
-1.390450413340247593e+01
-1.369398717398923182e+01
-1.348171527128429048e+01
-1.326777228443712353e+01
-1.305223749846178194e+01
-1.283519172308411704e+01
-1.261671957980950864e+01
-1.239689806658429028e+01
-1.217581028020203071e+01
-1.195353626803268021e+01
-1.173015988922571395e+01
-1.150575890408336832e+01
-1.128041564704330924e+01
-1.105421245254319906e+01
-1.082722936795299162e+01
-1.059954720299854181e+01
-1.037124829211751376e+01
-1.014241268267985951e+01
-9.913121946767336823e+00
-9.683457656461708751e+00
-9.453499859132925565e+00
-9.223331651574554257e+00
-8.993032318800644020e+00
-8.762684195248858998e+00
-8.532367328289151232e+00
-8.302163290003278462e+00
-8.072153652473001983e+00
-7.842419987780082202e+00
-7.613041580938565644e+00
-7.384101528742021969e+00
-7.155679878560401441e+00
-6.927858202475464466e+00
-6.700717310213066824e+00
-6.474339536210873547e+00
-6.248804165482930273e+00
-6.024194294822807549e+00
-5.800588828066598701e+00
-5.578070862007873387e+00
-5.356716251059108203e+00
-5.136580647201318683e+00
-4.917717415347803822e+00
-4.700177252166201747e+00
-4.484011997858003085e+00
-4.269273873802652552e+00
-4.056014720201643442e+00
-3.844286377256468157e+00
-3.634139922812713586e+00
-3.425627959427776759e+00
-3.218801946125198654e+00
-3.013713723106470788e+00
-2.810415321162061719e+00
-2.608958008726535827e+00
-2.409394197768313983e+00
-2.211775347310935835e+00
-2.016153297555894230e+00
-1.822580079293656841e+00
-1.631106960958788710e+00
-1.441786449814197901e+00
-1.254669909588936649e+00
-1.069809180484497579e+00
-8.872562932913488076e-01
-7.070627070330307573e-01
-5.292804525000117666e-01
-3.539613222465402553e-01
-1.811570611796204655e-01
-1.091952215704401243e-02
1.566995283240273651e-01
3.216482478286367686e-01
4.838748683706459719e-01
6.433275616603737479e-01
7.999545351435716212e-01
9.537039009715032600e-01
1.104524009531652418e+00
1.252363020622526690e+00
1.397168903453657629e+00
1.538890199001504921e+00
1.677474971770088530e+00
1.812871286263427528e+00
1.945027397574518258e+00
2.073891656090843583e+00
2.199412031021935832e+00
2.321536872755278758e+00
2.440214341089379069e+00
2.555392595822745250e+00
2.667019796753884897e+00
2.775044294270281320e+00
2.879413866992490245e+00
2.980077437074923452e+00
3.076993074942844686e+00
3.170161352363181972e+00
3.259592942318595643e+00
3.345298517791746029e+00
3.427288370587341149e+00
3.505574698399849254e+00
3.580167030678074624e+00
3.651076421582629461e+00
3.718313544096174095e+00
3.781889071201368413e+00
3.841814438236776930e+00
3.898099555829156238e+00
3.950756240495021832e+00
3.999794021683178435e+00
4.045223953554237362e+00
4.087057471446764012e+00
4.125304867165466405e+00
4.159977194870957184e+00
4.191084365189990280e+00
4.218638194639084738e+00
4.242648975022947688e+00
4.263126998146286262e+00
4.280084080525618617e+00
4.293530132787700460e+00
4.303476590271094970e+00
4.309933363602558742e+00
4.312911888120656734e+00
4.312422455630096074e+00
4.308476120291490297e+00
4.301083555087498844e+00
4.290255814178734362e+00
4.276003189369903978e+00
4.258336353643668915e+00
4.237266742338593239e+00
4.212804647259385860e+00
4.184960741388705330e+00
4.153746078887165183e+00
4.119171332737425750e+00
4.081247175922146475e+00
4.039984281423987689e+00
3.995393703403562036e+00
3.947485733665577090e+00
3.896271807548598254e+00
3.841762216857332657e+00
3.783968015752392944e+00
3.722899114860535263e+00
3.658567330698275555e+00
3.590982955070322724e+00
3.520156660959336659e+00
3.446099502525929559e+00
3.368829395133852156e+00
3.288394748383028254e+00
3.204850451898566988e+00
3.118252729428410142e+00
3.028655898830739268e+00
2.936116565031448911e+00
2.840689617655648647e+00
2.742430518095375636e+00
2.641394918331644082e+00
2.537638089167515876e+00
2.431215873172980935e+00
2.322183159973148392e+00
2.210595601549032452e+00
2.096508849881646874e+00
1.979978175774053550e+00
1.861059231207266240e+00
1.739807286984346613e+00
1.616277995086308206e+00
1.490526435727237198e+00
1.362608451477123284e+00
1.232579313139028132e+00
1.100494577399477647e+00
9.664097056505096539e-01
8.303799686951857106e-01
6.924610661617637275e-01
5.527083641477934517e-01
4.111772287508247414e-01
2.679232404810053536e-01
1.230018130831290329e-01
-2.353159502871917871e-02
-1.716215254404542256e-01
-3.212125376057076154e-01
-4.722491314190557787e-01
-6.246759050475159114e-01
-7.784373732754283903e-01
-9.334780270635111288e-01
-1.089742500314214713e+00
-1.247175188693768977e+00
-1.405720821399112364e+00
-1.565323841743719191e+00
-1.725928788335551411e+00
-1.887480199782571422e+00
-2.049922805281717775e+00
-2.213200762262999888e+00
-2.377258799923356314e+00
-2.542041647459725606e+00
-2.707493652891093561e+00
-2.873559545414398730e+00
-3.040183482459651199e+00
-3.207310193223789074e+00
-3.374884788081702780e+00
-3.542853139764186921e+00
-3.711161502179988858e+00
-3.879756891593759693e+00
-4.048585561914245901e+00
-4.217594148228147155e+00
-4.386728904444209043e+00
-4.555936084471180259e+00
-4.725162323395759145e+00
-4.894354256304644046e+00
-5.063458518284534193e+00
-5.232421363244177392e+00
-5.401188663914367361e+00
-5.569707817737707956e+00
-5.737925078622946096e+00
-5.905786319300876386e+00
-6.073239318392054997e+00
-6.240229186271371020e+00
-6.406702558025523686e+00
-6.572606449919165428e+00
-6.737887497038994589e+00
-6.902491572115805774e+00
-7.066365310236297326e+00
-7.229455346487170253e+00
-7.391708315955121122e+00
-7.553070091370947203e+00
-7.713487307821345951e+00
-7.872907362748920335e+00
-8.031276128884465848e+00
-8.188538716602874246e+00
-8.344644048058555086e+00
-8.499536471270495497e+00
-8.653163383681299337e+00
-8.805471420377664060e+00
-8.956407216446290676e+00
-9.105916644617973787e+00
-9.253946339979410851e+00
-9.400442937617301098e+00
-9.545353072618345536e+00
-9.688622617713336993e+00
-9.830198970344879328e+00
-9.970027240887864295e+00
-1.010805558914079683e+01
-1.024422912547856868e+01
-1.037849448498787908e+01
-1.051079906511133188e+01
-1.064108797622381708e+01
-1.076930937812384315e+01
-1.089540761883039366e+01
-1.101933085814197888e+01
-1.114103182999253150e+01
-1.126048995077263370e+01
-1.137768921100829900e+01
-1.149261741300505513e+01
-1.160526007200072129e+01
-1.171560041616540282e+01
-1.182362701016053563e+01
-1.192932460686803431e+01
-1.203267948388162090e+01
-1.213367639408320819e+01
-1.223230237742242643e+01
-1.232854066206937738e+01
-1.242238057504140158e+01
-1.251380381979679868e+01
-1.260279972335290566e+01
-1.268935151387982785e+01
-1.277344546897128907e+01
-1.285506939093282064e+01
-1.293420650793452609e+01
-1.301084157285832177e+01
-1.308496391272154646e+01
-1.315655675569430727e+01
-1.322560790408213194e+01
-1.329209906134331831e+01
-1.335601955449520872e+01
-1.341735566113152345e+01
-1.347609060942236958e+01
-1.353221067696146740e+01
-1.358570214134254073e+01
-1.363655128015931162e+01
-1.368474132158188716e+01
-1.373026159262760615e+01
-1.377309532146657389e+01
-1.381322878569251422e+01
-1.385064673818733816e+01
-1.388533698125657878e+01
-1.391728426778215066e+01
-1.394647640006958511e+01
-1.397289355686536894e+01
-1.399652658989865017e+01
-1.401735872733953769e+01
-1.403537624678175000e+01
-1.405056542581901091e+01
-1.406291254204504426e+01
-1.407240234834176462e+01
-1.407901959759108301e+01
-1.408275361681034177e+01
-1.408358610945783695e+01
-1.408150182841548137e+01
-1.407649162541242660e+01
-1.406854482746600965e+01
-1.405768582996516791e+01
-1.404394207772245728e+01
-1.402734101555043367e+01
-1.400791771182069212e+01
-1.398569503721036433e+01
-1.396070501066742864e+01
-1.393297660171625019e+01
-1.390254030459299983e+01
-1.386942356411023347e+01
-1.383365534979231271e+01
-1.379526768058721942e+01
-1.375428647659569847e+01
-1.371074375676573354e+01
-1.366466696590987517e+01
-1.361608659826429779e+01
-1.356503009864155729e+01
-1.351152643656601526e+01
-1.345560763098565182e+01
-1.339729960200121361e+01
-1.333663589327249177e+01
-1.327364242490022939e+01
-1.320834816640879161e+01
-1.314078513674616033e+01
-1.307097773130126939e+01
-1.299896101844572094e+01
-1.292476091828025631e+01
-1.284840640032924242e+01
-1.276992795882885190e+01
-1.268935380094753995e+01
-1.260671442092148276e+01
-1.252203802591913728e+01
-1.243535511017667439e+01
-1.234669388086255459e+01
-1.225608254514523843e+01
-1.216355235961679959e+01
-1.206913076908979399e+01
-1.197284903015629709e+01
-1.187473382527296017e+01
-1.177481717338776512e+01
-1.167312575695735966e+01
-1.156969159492972743e+01
-1.146454060740561154e+01
-1.135770405097708924e+01
-1.124921089516852390e+01
-1.113909087186018532e+01
-1.102737218822052867e+01
-1.091408457612982552e+01
-1.079925776746834210e+01
-1.068291996940453537e+01
-1.056510320088638899e+01
-1.044585015384454252e+01
-1.032520580727734938e+01
-1.020321437782726015e+01
-1.007992160684853111e+01
-9.955371710983611067e+00
-9.829609669230856994e+00
-9.702681222944523398e+00
-9.574630588767060857e+00
-9.445501983340919949e+00
-9.315340385664452327e+00
-9.184191537091917823e+00
-9.052100416621668089e+00
-8.919111240896155479e+00
-8.785269751269634497e+00
-8.650618639672748245e+00
-8.515205934527466880e+00
-8.379073565408525326e+00
-8.242268798381992667e+00
-8.104835087734414856e+00
-7.966817412464140880e+00
-7.828261513925433235e+00
-7.689211608760738947e+00
-7.549711913612507708e+00
-7.409808932190903086e+00
-7.269545356426563743e+00
-7.128969214741462501e+00
-6.988122436710334284e+00
-6.847051526043342662e+00
-6.705800699382935548e+00
-6.564414173371563521e+00
-6.422938451719389263e+00
-6.281417751068859801e+00
-6.139896288062427487e+00
-5.998419804054347715e+00
-5.857032134509119636e+00
-5.715780164314856471e+00
-5.574706204224247230e+00
-5.433857139125406910e+00
-5.293277185660783424e+00
-5.153010560472827351e+00
-5.013103004915796745e+00
-4.873599497988044149e+00
-4.734544256332020140e+00
-4.595982258946077259e+00
-4.457958866006522136e+00
-4.320518675333755887e+00
-4.183706284748180515e+00
-4.047567054426101762e+00
-3.912145963365873058e+00
-3.777484178786326474e+00
-3.643612194923633751e+00
-3.510556694234446162e+00
-3.378345502709269699e+00
-3.247004540448851451e+00
-3.116561442854721697e+00
-2.987042701794555111e+00
-2.858475762080906257e+00
-2.730887877937353991e+00
-2.604305541231572541e+00
-2.478755625009188890e+00
-2.354265383493781449e+00
-2.230861880319952473e+00
-2.108571988533328945e+00
-1.987422962357489720e+00
-1.867441293660108803e+00
-1.748654427253741428e+00
-1.631089045595037534e+00
-1.514772402907576199e+00
-1.399731276942495883e+00
-1.285992731334399286e+00
-1.173583829717888660e+00
-1.062531540433079069e+00
-9.528628318200849101e-01
-8.446046722190206912e-01
-7.377840776172450710e-01
-6.324280640021167077e-01
-5.285636473609942598e-01
-4.262177483867481964e-01
-3.254174307139811595e-01
-2.261896388591857765e-01
-1.285613888097206503e-01
-3.255966975136960484e-02
6.178851721827247762e-02
1.544561888693272711e-01
2.454163500601053982e-01
3.346419848032482491e-01
4.221061247586412879e-01
5.077817777625478479e-01
5.916418801803652316e-01
6.736595589664671202e-01
7.538077504862505940e-01
8.320594387523573277e-01
9.083876554246724799e-01
9.827654798103255818e-01
1.055165848274714158e+00
1.125561697183235177e+00
1.193926153490262543e+00
1.260232058266705257e+00
1.324452633761425080e+00
1.386566248125637113e+00
1.446573663715245983e+00
1.504481360555438352e+00
1.560295437493448123e+00
1.614021993376510311e+00
1.665667603524298990e+00
1.715238080900584494e+00
1.762740286708505799e+00
1.808180129206321096e+00
1.851564088419216825e+00
1.892898072605451398e+00
1.932188752379187635e+00
1.969442035998683505e+00
2.004664403489125668e+00
2.037862144286724408e+00
2.069041357238714518e+00
2.098208522370282658e+00
2.125369738528662733e+00
2.150531295150065247e+00
2.173699672259676863e+00
2.194880778115756215e+00
2.214081092743489521e+00
2.231306905579087285e+00
2.246564506058760013e+00
2.259859802440765897e+00
2.271199655928243910e+00
2.280589784190476088e+00
2.288036667252648648e+00
2.293546975728924853e+00
2.297126236699611024e+00
2.298781120778868647e+00
2.298518107991885717e+00
2.296342916007943380e+00
2.292262215441204454e+00
2.286282105138903731e+00
2.278408874537251272e+00
2.268649003661434183e+00
2.257008591358685923e+00
2.243493736476241729e+00
2.228110919039287818e+00
2.210866428484034696e+00
2.191766363657717154e+00
2.170817204585520965e+00
2.148024859525704766e+00
2.123395999092431374e+00
2.096936531543958981e+00
2.068653127494450406e+00
2.038551885791139551e+00
2.006638905281261209e+00
1.972920665990001599e+00
1.937407078544117089e+00
1.900124063044353662e+00
1.861101160782002717e+00
1.820367531870403788e+00
1.777953289367776968e+00
1.733887593387461346e+00
1.688199985220748767e+00
1.640920387336882946e+00
1.592077769260227260e+00
1.541702148754513502e+00
1.489822781227568838e+00
1.436469493854149571e+00
1.381671446747594567e+00
1.325458562377147986e+00
1.267860286739613374e+00
1.208905970537306196e+00
1.148625440944981868e+00
1.087047953370468223e+00
1.024203334988521119e+00
9.601209365014555797e-01
8.948302992005636725e-01
8.283611549661127338e-01
7.607429021476624920e-01
6.920050820365045707e-01
6.221772359239305938e-01
5.512890480429640805e-01
4.793698690959205533e-01
4.064494309630678481e-01
3.325570843467213766e-01
2.577225373035268441e-01
1.819752239184768139e-01
1.053447807773509326e-01
2.786069259033850318e-02
-5.044747254969408901e-02
-1.295501763294080178e-01
-2.094178804354643875e-01
-2.900210078411386005e-01
-3.713300529905720904e-01
-4.533154507688512691e-01
-5.359476360610624379e-01
-6.191970913995360482e-01
-7.030343231402245152e-01
-7.874296946973482481e-01
-8.723536647796155119e-01
-9.577767873902228724e-01
-1.043669330648902660e+00
-1.130001943853339297e+00
-1.216744990417752970e+00
-1.303868929050852499e+00
-1.391344123166857738e+00
-1.479141507946917677e+00
-1.567232685633596967e+00
-1.655589449058436635e+00
-1.744183972230929580e+00
-1.832987762099152595e+00
-1.921973373850551337e+00
-2.011112219138714075e+00
-2.100376471973134151e+00
-2.189738306363304687e+00
-2.279169133962813731e+00
-2.368641128781155736e+00
-2.458126464827822488e+00
-2.547596744345379527e+00
-2.637023950754343371e+00
-2.726380067475231428e+00
-2.815637268517536818e+00
-2.904766965534848033e+00
-2.993741904303586221e+00
-3.082533115299388449e+00
-3.171113534887652019e+00
-3.259453812366061243e+00
-3.347527265277965736e+00
-3.435304542921049364e+00
-3.522758962838662633e+00
-3.609861174328489408e+00
-3.696583732577975123e+00
-3.782898811596612898e+00
-3.868777441860039357e+00
-3.954192559733651358e+00
-4.039115958048990151e+00
-4.123519048459645120e+00
-4.207374004975108939e+00
-4.290652620426921970e+00
-4.373327068824577779e+00
-4.455369524177569041e+00
-4.536751398139485580e+00
-4.617445245897771500e+00
-4.697422097928063423e+00
-4.776654890595759539e+00
-4.855114654376495587e+00
-4.932773944457717441e+00
-5.009604553670966354e+00
-5.085578656025734112e+00
-5.160667663175610542e+00
-5.234843367952136894e+00
-5.308078706720708695e+00
-5.380344709956964344e+00
-5.451613551670396518e+00
-5.521857787048450206e+00
-5.591048446566762031e+00
-5.659161516014346915e+00
-5.726184797696735274e+00
-5.792111049232836706e+00
-5.856932647063608499e+00
-5.920640824096151000e+00
-5.983227956771421496e+00
-6.044686040352424072e+00
-6.105006688924212277e+00
-6.164182660105693934e+00
-6.222205567981923480e+00
-6.279067407815905000e+00
-6.334760556048595781e+00
-6.389277007942999909e+00
-6.442608758762122356e+00
-6.494747041413065247e+00
-6.545685375870640144e+00
-6.595414613863995967e+00
-6.643927131834090005e+00
-6.691215306221879544e+00
-6.737269988756511729e+00
-6.782085080590753989e+00
-6.825650671097848843e+00
-6.867960661430562830e+00
-6.909005903318043984e+00
-6.948778773201249592e+00
-6.987270122809327688e+00
-7.024474615650948550e+00
-7.060382341099355585e+00
-7.094985675595506969e+00
-7.128276995580358211e+00
-7.160247152783059121e+00
-7.190889286000470726e+00
-7.220195771673549423e+00
-7.248158223887347873e+00
-7.274768256726919624e+00
-7.300018246633221075e+00
-7.323900570047208625e+00
-7.346406078698032083e+00
-7.367528673738456213e+00
-7.387258444541725311e+00
-7.405588529904701289e+00
-7.422511306268339659e+00
-7.438017625361790230e+00
-7.452100625981914028e+00
-7.464751159857858198e+00
-7.475962365786485542e+00
-7.485725857852848719e+00
-7.494034012497903241e+00
-7.500878443806703544e+00
-7.506250003508397661e+00
-7.510147166891176340e+00
-7.512578319869986920e+00
-7.513557184851107351e+00
-7.513097484240814694e+00
-7.511213702801291525e+00
-7.507918038227004764e+00
-7.503225737636041615e+00
-7.497150523434680025e+00
-7.489705355673291542e+00
-7.480903956758155005e+00
-7.470760811451450323e+00
-7.459289642159457223e+00
-7.446503408932547252e+00
-7.432415834176998359e+00
-7.417042165010895971e+00
-7.400394599128708784e+00
-7.382486858936715635e+00
-7.363333429197096436e+00
-7.342947269960225398e+00
-7.321343628344188836e+00
-7.298534702043453670e+00
-7.274534975820203364e+00
-7.249358172080714979e+00
-7.223017250875360951e+00
-7.195527459322228481e+00
-7.166900232759880751e+00
-7.137152343018212441e+00
-7.106295225435788510e+00
-7.074343364774790643e+00
-7.041309721085592166e+00
-7.007209541486279392e+00
-6.972055023671319240e+00
-6.935861414758799803e+00
-6.898641674799093515e+00
-6.860409526198476549e+00
-6.821178691363228630e+00
-6.780962892699625044e+00
-6.739775852613943741e+00
-6.697632055868367296e+00
-6.654544462513268144e+00
-6.610526032599018720e+00
-6.565592775599610853e+00
-6.519756126853607725e+00
-6.473030571123191024e+00
-6.425430593170543325e+00
-6.376969915401941691e+00
-6.327661116689807130e+00
-6.277519062974272757e+00
-6.226556714305712781e+00
-6.174788174268355689e+00
-6.122228689980287797e+00
-6.068898463872973714e+00
-6.014819985445589268e+00
-5.960014219485503695e+00
-5.904504036669845135e+00
-5.848311164141886564e+00
-5.791457329044900071e+00
-5.733965020878063257e+00
-5.675855966784647322e+00
-5.617151131552022392e+00
-5.557873767035268031e+00
-5.498045981555609529e+00
-5.437687977544511497e+00
-5.376823769212958126e+00
-5.315473940170365452e+00
-5.253660598737959653e+00
-5.191406615592867979e+00
-5.128732955522459669e+00
-5.065661726847960011e+00
-5.002215037890591631e+00
-4.938415378149533908e+00
-4.874283712412152525e+00
-4.809842530177625974e+00
-4.745113558589227232e+00
-4.680118905968178922e+00
-4.614880680635708110e+00
-4.549420609735085108e+00
-4.483760801587536093e+00
-4.417922983336333154e+00
-4.351929263302701578e+00
-4.285801368629912567e+00
-4.219561407639191408e+00
-4.153231488651763392e+00
-4.086833338810900607e+00
-4.020389066437827452e+00
-3.953920779853768774e+00
-3.887449443846092922e+00
-3.820998691447833551e+00
-3.754589106268405807e+00
-3.688243177806987294e+00
-3.621982252028898230e+00
-3.555829199611267644e+00
-3.489805366519415752e+00
-3.423932861074566958e+00
-3.358233791597946549e+00
-3.292729885232827058e+00
-3.227443250300432442e+00
-3.162395613944036121e+00
-3.097609084484862052e+00
-3.033105770244135080e+00
-2.968905873653319816e+00
-2.905024451241525085e+00
-2.841474844237076969e+00
-2.778270393868300214e+00
-2.715424822541472771e+00
-2.652950899717990918e+00
-2.590862728982084917e+00
-2.529173460973103360e+00
-2.467896246330395726e+00
-2.407044998049215234e+00
-2.346632676179935206e+00
-2.286673003128833148e+00
-2.227179510713209964e+00
-2.168165158983439422e+00
-2.109643670345798139e+00
-2.051628195439635594e+00
-1.994132456671229070e+00
-1.937169795268903982e+00
-1.880753552460985523e+00
-1.824897260064775040e+00
-1.769614068719621569e+00
-1.714917700831802616e+00
-1.660821497629643595e+00
-1.607338609752493319e+00
-1.554482854901117150e+00
-1.502267288420376712e+00
-1.450705632716549065e+00
-1.399811038428983245e+00
-1.349597037374980824e+00
-1.300077066077355070e+00
-1.251264465764431177e+00
-1.203172768253510272e+00
-1.155815314772917768e+00
-1.109205446550979079e+00
-1.063356695404995111e+00
-1.018282497857779578e+00
-9.739960998431692607e-01
-9.305110331784658406e-01
-8.878407343864823664e-01
-8.459985446955441413e-01
-8.049979959229525139e-01
-7.648523816497886374e-01
-7.255751860461098213e-01
-6.871797503402413687e-01
-6.496795110549965502e-01
-6.130879523604325643e-01
-5.774184631321187533e-01
-5.426843369511363813e-01
-5.088992009292746532e-01
-4.760763010003709605e-01
-4.442264530888174190e-01
-4.133498477835900742e-01
-3.834441027224881338e-01
-3.545066926015784659e-01
-3.265352112350382030e-01
-2.995272047898003276e-01
-2.734802194327979330e-01
-2.483918251545860489e-01
-2.242595681220977133e-01
-2.010809945022659362e-01
-1.788536504620237833e-01
-1.575751179037372662e-01
-1.372429429943394785e-01
-1.178546599889523927e-01
-9.940784483403659888e-02
-8.190003178471411127e-02
-6.532879083153997346e-02
-4.969167409735274210e-02
-3.498622774908542732e-02
-2.121000837650571097e-02
-8.360571080404879604e-03
3.564530155158060227e-03
1.456774134612410024e-02
2.465150925292241765e-02
3.381828063598219664e-02
4.207050039451214196e-02
4.941061491669734851e-02
5.584107505765201901e-02
6.136431380477386233e-02
6.598279094703535241e-02
6.969894840569243466e-02
7.251523405790658017e-02
7.443408386902823637e-02
7.545795762802988416e-02
7.558929130026195709e-02
7.483053871879144503e-02
7.318414776077980521e-02
7.065254843567198018e-02
6.723820053244043693e-02
6.294355192824663270e-02
5.777104454434654757e-02
5.172312030199612692e-02
4.480223005630958044e-02
3.701081870649561983e-02
2.835133115176296029e-02
1.882621973620218769e-02
8.437923403116510609e-03
-2.811107922990094266e-03
-1.491842952903096355e-02
-2.788159484069896443e-02
-4.169629085180016903e-02
-5.635070402377068133e-02
-7.183118639915189729e-02
-8.812403641733569659e-02
-1.052156090988161929e-01
-1.230922237286545401e-01
-1.417402115037228461e-01
-1.611458857531767597e-01
-1.812956193652268955e-01
-2.021756661099738950e-01
-2.237724226992503784e-01
-2.460721905504009710e-01
-2.690613187280143648e-01
-2.927261086494351017e-01
-3.170528855556298264e-01
-3.420279985111872589e-01
-3.676377727570739329e-01
-3.938685335342564930e-01
-4.207065822600795646e-01
-4.481383394699978706e-01
-4.761500112868679024e-01
-5.047280182461444387e-01
-5.338586855887940130e-01
-5.635282432612951364e-01
-5.937231117991027540e-01
-6.244296164431831775e-01
-6.556340824345032736e-01
-6.873228350140295762e-01
-7.194821041282406515e-01
-7.520983579598352620e-01
-7.851578741025359021e-01
-8.186470254445533667e-01
-8.525519466378780331e-01
-8.868592964541848200e-01
-9.215551618982202875e-01
-9.566259158581948974e-01
-9.920578359278313663e-01
-1.027837485584316424e+00
-1.063950951832396630e+00
-1.100384607560282557e+00
-1.137124825656184779e+00
-1.174157883713826234e+00
-1.211470154621417272e+00
-1.249048011267168468e+00
-1.286877731244802758e+00
-1.324945687442530717e+00
-1.363238157454074617e+00
-1.401741418873157397e+00
-1.440441844587989628e+00
-1.479325807486782107e+00
-1.518379680457745184e+00
-1.557589931683577511e+00
-1.596943315230442195e+00
-1.636426489870014045e+00
-1.676025733196015333e+00
-1.715728085158072957e+00
-1.755520013938886015e+00
-1.795387987721152712e+00
-1.835318855865524235e+00
-1.875299086554699235e+00
-1.915315338560352298e+00
-1.955354270654158233e+00
-1.995402351018815690e+00
-2.035446429014975855e+00
-2.075472972825336715e+00
-2.115468641221573964e+00
-2.155419902386385367e+00
-2.195313796269398487e+00
-2.235136600464335377e+00
-2.274874783153895130e+00
-2.314515384287704869e+00
-2.354044681459486643e+00
-2.393449333440915261e+00
-2.432716189592642131e+00
-2.471831718097365460e+00
-2.510782577726760056e+00
-2.549555427252500728e+00
-2.588136544268309969e+00
-2.626512968723814900e+00
-2.664671359390690331e+00
-2.702597803273682597e+00
-2.740279340322418822e+00
-2.777702629308573368e+00
-2.814854138414845330e+00
-2.851720717001885230e+00
-2.888288642663416006e+00
-2.924544574171112021e+00
-2.960475360885624241e+00
-2.996067280400675603e+00
-3.031307182076916629e+00
-3.066181724686022125e+00
-3.100677376410691188e+00
-3.134781367789526207e+00
-3.168479023471369338e+00
-3.201758336350728484e+00
-3.234604821665421515e+00
-3.267006091132003576e+00
-3.298948041166245293e+00
-3.330417711717773344e+00
-3.361400999202358797e+00
-3.391886849459388564e+00
-3.421869925997532924e+00
-3.451345273503413580e+00
-3.480309461375461932e+00
-3.508758296656203868e+00
-3.536687586388165272e+00
-3.564093899969777546e+00
-3.590972663265614706e+00
-3.617320064496154952e+00
-3.643131910703925058e+00
-3.668404771287355537e+00
-3.693134072111020405e+00
-3.717315620217445993e+00
-3.740945603827111388e+00
-3.764020592338446214e+00
-3.786535630438073508e+00
-3.808487668702375650e+00
-3.829871751817974346e+00
-3.850684068005348681e+00
-3.870921186662929170e+00
-3.890578914833242141e+00
-3.909652678380861612e+00
-3.928139046704218540e+00
-3.946033445667886941e+00
-3.963332444670297328e+00
-3.980031469576024161e+00
-3.996127089783497954e+00
-4.011614731157292724e+00
-4.026490963095840314e+00
-4.040751211463712522e+00
-4.054391664481390656e+00
-4.067408510369350694e+00
-4.079797174992168429e+00
-4.091554227748274819e+00
-4.102675475680194417e+00
-4.113156725830455329e+00
-4.122994166419535311e+00
-4.132183604489960693e+00
-4.140721228262210118e+00
-4.148603225956761342e+00
-4.155825023438190158e+00
-4.162382427749021119e+00
-4.168272008287686958e+00
-4.173489953274664543e+00
-4.178031688574527891e+00
-4.181893021229805107e+00
-4.185070901816876798e+00
-4.187560375022366443e+00
-4.189357629066752686e+00
-4.190459233348465595e+00
-4.190862138443887552e+00
-4.190570537310493116e+00
-4.189591672329372685e+00
-4.187930498813903668e+00
-4.185593877967225929e+00
-4.182587908636573815e+00
-4.178918308491228473e+00
-4.174591557556376564e+00
-4.169613373501301901e+00
-4.163990236351189367e+00
-4.157727863775320998e+00
-4.150832735798885231e+00
-4.143310951269114639e+00
-4.135168609033244458e+00
-4.126411807938509924e+00
-4.117046265654191295e+00
-4.107078462205476121e+00
-4.096514877617551065e+00
-4.085360848381745846e+00
-4.073622854523248016e+00
-4.061307376067242458e+00
-4.048419749505060672e+00
-4.034966836039840743e+00
-4.020954353340865595e+00
-4.006388400255368687e+00
-3.991275456808536237e+00
-3.975621240669652057e+00
-3.959432231863901475e+00
-3.942713766882615101e+00
-3.925472706928931466e+00
-3.907715532028036787e+00
-3.889447197493309805e+00
-3.870674564527888606e+00
-3.851404113156959408e+00
-3.831640417515949082e+00
-3.811391482341851766e+00
-3.790662262948046202e+00
-3.769459239359718161e+00
-3.747788510424102881e+00
-3.725656174988433822e+00
-3.703068331899946219e+00
-3.680031080005873978e+00
-3.656550518153451446e+00
-3.632632745189913415e+00
-3.608283859962494233e+00
-3.583509961318427806e+00
-3.558317529282900793e+00
-3.532712281525196119e+00
-3.506700316892547242e+00
-3.480288115410141714e+00
-3.453482157103164862e+00
-3.426292352598373725e+00
-3.398728612522523562e+00
-3.370801609858274706e+00
-3.342522017588287486e+00
-3.313899365161365740e+00
-3.284944706738121223e+00
-3.255667952945310084e+00
-3.226079776765593099e+00
-3.196190660592653554e+00
-3.166010324464271886e+00
-3.135549631952083693e+00
-3.104819065449773596e+00
-3.073828535584097743e+00
-3.042588334159763708e+00
-3.011109134159431822e+00
-2.979401417976785815e+00
-2.947475096238582282e+00
-2.915341032516457265e+00
-2.883009137437166025e+00
-2.850489893394393626e+00
-2.817793592192847640e+00
-2.784930906815188401e+00
-2.751911938477147768e+00
-2.718746788394457603e+00
-2.685446320138753951e+00
-2.652020634925769560e+00
-2.618479833971235848e+00
-2.584834780846789304e+00
-2.551095576768161788e+00
-2.517272513540060874e+00
-2.483375882967195469e+00
-2.449416358032225460e+00
-2.415404039950882265e+00
-2.381349220527874788e+00
-2.347262382156886762e+00
-2.313154007231601916e+00
-2.279034006378776844e+00
-2.244913243170047146e+00
-2.210801628232169413e+00
-2.176709834547803535e+00
-2.142648153921657084e+00
-2.108626878158438522e+00
-2.074656489651832025e+00
-2.040747089617569454e+00
-2.006909160449335428e+00
-1.973152993951836853e+00
-1.939489263107734951e+00
-1.905927878543785203e+00
-1.872479322653671785e+00
-1.839153315475174244e+00
-1.805957099389383869e+00
-1.772896963832510941e+00
-1.739979388829742124e+00
-1.707211044995239790e+00
-1.674598031176238511e+00
-1.642146827397924724e+00
-1.609864294863437184e+00
-1.577756532420010460e+00
-1.545829829503854613e+00
-1.514091142612596697e+00
-1.482546570593471058e+00
-1.451202784060640294e+00
-1.420065977155826831e+00
-1.389142725198705186e+00
-1.358439508214462021e+00
-1.327962806228283776e+00
-1.297718908676380956e+00
-1.267714486172916155e+00
-1.237955828154099880e+00
-1.208449509939606870e+00
-1.179201820965647407e+00
-1.150219336551896010e+00
-1.121508536723539340e+00
-1.093075806211275758e+00
-1.064927529745804069e+00
-1.037070282646798791e+00
-1.009510449644958063e+00
-9.822546060599569584e-01
-9.553089460335175698e-01
-9.286801401798027156e-01
-9.023746685239988352e-01
-8.763988205023163225e-01
-8.507590761399419499e-01
-8.254620107565500131e-01
-8.005140090828393173e-01
-7.759214558495082237e-01
-7.516909263762312499e-01
-7.278287100992189007e-01
-7.043414299853899552e-01
-6.812354707654426633e-01
-6.585172171700757193e-01
-6.361931968717196018e-01
-6.142698898955608611e-01
-5.927536333250539302e-01
-5.716510024798735490e-01
-5.509683820907180785e-01
-5.307122521827741801e-01
-5.108890927812282934e-01
-4.915052409695349067e-01
-4.725661761807563033e-01
-4.540732325377248579e-01
-4.360266006294167829e-01
-4.184265186920520518e-01
-4.012732249618508051e-01
-3.845669338514111080e-01
-3.683079074205751202e-01
-3.524963839055628712e-01
-3.371326253662165207e-01
-3.222168223915120588e-01
-3.077492370412917011e-01
-2.937301075517754212e-01
-2.801596721591834149e-01
-2.670381690997357116e-01
-2.543658366096524515e-01
-2.421428891015316720e-01
-2.303696124588375249e-01
-2.190461972705460836e-01
-2.081729055964993969e-01
-1.977499994965396246e-01
-1.877776814714538223e-01
-1.782561897574621024e-01
-1.691857625907845497e-01
-1.605666620312632409e-01
-1.523991144033073064e-01
-1.446833460313258213e-01
-1.374196070633498523e-01
-1.306081476474105496e-01
-1.242491702842949408e-01
-1.183429489456561817e-01
-1.128896980440923237e-01
-1.078896677276344751e-01
-1.033430962325027347e-01
-9.925020988310619130e-02
-9.561125287157042074e-02
-9.242647534592654535e-02
-8.969610958648915888e-02
-8.742038191766732247e-02
-8.559954248749215844e-02
-8.423382953218375158e-02
-8.332346937615119076e-02
-8.286871216742557056e-02
-8.286979614222700352e-02
-8.332695358087005566e-02
-8.424042271957483952e-02
-8.561044179456143988e-02
-8.743725499795544642e-02
-8.972110652188247659e-02
-9.246221077894058171e-02
-9.566082982897189391e-02
-9.931561168142737095e-02
-1.034189863804135384e-01
-1.079618056550788047e-01
-1.129348914550440675e-01
-1.183290955094577351e-01
-1.241352933710902218e-01
-1.303442891218458966e-01
-1.369469344908731956e-01
-1.439340812073205134e-01
-1.512966048239582917e-01
-1.590252975108798483e-01
-1.671110348208556529e-01
-1.755446684830341275e-01
-1.843170264029415917e-01
-1.934189483979155411e-01
-2.028412981089153244e-01
-2.125749153532783542e-01
-2.226106399483420706e-01
-2.329393236232548403e-01
-2.435518181071650579e-01
-2.544389274819771618e-01
-2.655915511240835580e-01
-2.770004931153886019e-01
-2.886566290086627351e-01
-3.005507867094323604e-01
-3.126738179468459000e-01
-3.250165744500517206e-01
-3.375698841245762249e-01
-3.503245986995678907e-01
-3.632715937277969931e-01
-3.764016494675460622e-01
-3.897056652952074485e-01
-4.031744452926855349e-01
-4.167988888363727829e-01
-4.305698000081735199e-01
-4.444780305372362239e-01
-4.585144321527092615e-01
-4.726698089364970157e-01
-4.869350602649918924e-01
-5.013010855145864086e-01
-5.157585934726968135e-01
-5.302985311629596632e-01
-5.449116550200352460e-01
-5.595889120675598960e-01
-5.743210587401942346e-01
-5.890990420615744849e-01
-6.039135708191172291e-01
-6.187555920364586903e-01
-6.336159097955033070e-01
-6.484854234726434852e-01
