# tt
3.232864988267747322e+02
2.828026436295251642e+02
2.520278604847658244e+02
2.302931790370504359e+02
2.154172611891360987e+02
2.053904391957338476e+02
1.986367343383924435e+02
1.943019298757680247e+02
1.917787635887318061e+02
1.904897966211312905e+02
1.903186995608175494e+02
1.909618230016845359e+02
1.921056739981898716e+02
1.937301873429323962e+02
1.958704801982877086e+02
1.984887397114025873e+02
2.015177443880595547e+02
2.048455437884240098e+02
2.083700676051811342e+02
2.120738975306294662e+02
2.159576678448814278e+02
2.200100346920809784e+02
2.242194346578717727e+02
2.285861116961431492e+02
2.331111392040083672e+02
2.377873693325087174e+02
2.426014334085063808e+02
2.475230323589409238e+02
2.525284538657650160e+02
2.576364823784605846e+02
2.628671709067342590e+02
2.682027352120506407e+02
2.736200484656968115e+02
2.791122067726035425e+02
2.846798688082720332e+02
2.903376230152870789e+02
2.960973987388390469e+02
3.019470470752370943e+02
3.078682958781669186e+02
3.138464103327102634e+02
3.198809513218661778e+02
3.259749682692519741e+02
3.321316081800405300e+02
3.383538716870712051e+02
3.446439299799593527e+02
3.510002705445909896e+02
3.574203562605164848e+02
3.639016744026753258e+02
3.704417854321737309e+02
3.770383961824515495e+02
3.836901649071172642e+02
3.903960669998354547e+02
3.971549314819371830e+02
4.039656361655312367e+02
4.108273272120048318e+02
4.177397606674686017e+02
4.247029853227004423e+02
4.317169035961445616e+02
4.387815154878009594e+02
4.458971137423368987e+02
4.530652596646444294e+02
4.602877097227269587e+02
4.675662691753659601e+02
4.749027920721206897e+02
4.822978151115476635e+02
4.897465080066373844e+02
4.972428694917111329e+02
5.047808983010902466e+02
5.123544955875403275e+02
5.199605387412774462e+02
5.276076637299854610e+02
5.353073851772428497e+02
5.430712177066282038e+02
5.509106759417201147e+02
5.588331272899775968e+02
5.668291551312709089e+02
5.748851468385727230e+02
5.829876361571896268e+02
5.911230104600944060e+02
5.992812188470446699e+02
6.074659206263812621e+02
6.156843856240074047e+02
6.239438836658265473e+02
6.322515869961863473e+02
6.406130577637645729e+02
6.490270761991143900e+02
6.574906172740074908e+02
6.660008999141050481e+02
6.745548990911786404e+02
6.831501752663347133e+02
6.917861429502386272e+02
7.004624118166674407e+02
7.091789818656211537e+02
7.179355115616546072e+02
7.267318057416562169e+02
7.355676692425147394e+02
7.444429556918963726e+02
7.533574699266895323e+02
7.623107728298934944e+02
7.713029619830640513e+02
7.803336958507559302e+02
7.894026816883018682e+02
7.985099194957019790e+02
8.076550189467333212e+02
8.168377848782841966e+02
8.260581197087989267e+02
8.353157794843881447e+02
8.446104226696068054e+02
8.539421468460105871e+02
8.633101713611533796e+02
8.727130324916992095e+02
8.821489737696442717e+02
8.916161411454294239e+02
9.011126805694955237e+02
9.106368355738388800e+02
9.201866545273446718e+02
9.297605761251206786e+02
9.393564535729406089e+02
9.489727255659122420e+02
9.586075380544765494e+02
9.682588418259625769e+02
9.779249779939227665e+02
9.876042876719092192e+02
9.972947216472510945e+02
1.006994425870389364e+03
1.016701839036431807e+03
1.026414911932707810e+03
1.036131888091214023e+03
1.045851011043946528e+03
1.055570426741346182e+03
1.065288866623188596e+03
1.075004769384581323e+03
1.084716964046855537e+03
1.094424084468230831e+03
1.104124666925370775e+03
1.113817540439606546e+03
1.123501241287601715e+03
1.133174403327575874e+03
1.142835953162415763e+03
1.152484134324117804e+03
1.162117873415568738e+03
1.171735804294988384e+03
1.181336463239039858e+03
1.190918581687499000e+03
1.200480891080140736e+03
1.210021927693629095e+03
1.219540325386183213e+03
1.229034913179134264e+03
1.238504129767590257e+03
1.247946609009770555e+03
1.257360106529893073e+03
1.266742377952175502e+03
1.276090690993056796e+03
1.285402996439866229e+03
1.294676757172154339e+03
1.303909728814138589e+03
1.313099374245369972e+03
1.322243351508510159e+03
1.331339318646221045e+03
1.340384933701164755e+03
1.349377659552892055e+03
1.358315251825620180e+03
1.367195368562011481e+03
1.376015472641616270e+03
1.384773222107096444e+03
1.393466372582670147e+03
1.402092582110999047e+03
1.410649313571633684e+03
1.419134029844124598e+03
1.427544584134245270e+03
1.435878634484657596e+03
1.444133741356468136e+03
1.452307465210782766e+03
1.460397561671819176e+03
1.468401493619128360e+03
1.476317797329373661e+03
1.484144716334551504e+03
1.491880689329770121e+03
1.499523959847026163e+03
1.507072966581427181e+03
1.514526148228081183e+03
1.521881650737429482e+03
1.529138010386135193e+03
1.536293568287750986e+03
1.543346860718940206e+03
1.550295936048588374e+03
1.557139330553358832e+03
1.563875385346803796e+03
1.570502441542475708e+03
1.577018937835482575e+03
1.583423215339376611e+03
1.589713615167709804e+03
1.595888478434034823e+03
1.601946243833459221e+03
1.607885252479535666e+03
1.613703845485816146e+03
1.619400461547408668e+03
1.624973344196309881e+03
1.630420932127627566e+03
1.635741859199581540e+03
1.640935344759725467e+03
1.646001193644947762e+03
1.650938625202802768e+03
1.655747639433290487e+03
1.660427846010187750e+03
1.664978464281048446e+03
1.669399299082761218e+03
1.673690155252214481e+03
1.677850252136962581e+03
1.681879199410781894e+03
1.685776801910561517e+03
1.689542474146966697e+03
1.693176020956885850e+03
1.696676856850984450e+03
1.700044396339928426e+03
1.703278639423717095e+03
1.706379000613016615e+03
1.709345284744714945e+03
1.712176516003254847e+03
1.714872694388636546e+03
1.717433429574636648e+03
1.719858136071920626e+03
1.722146423554265766e+03
1.724298096858560484e+03
1.726312570495470254e+03
1.728189454138772135e+03
1.729928162299131372e+03
1.731528694976548195e+03
1.732990271518576719e+03
1.734312696762105134e+03
1.735495385217799139e+03
1.736538336885658509e+03
1.737440380787014647e+03
1.738201907248090038e+03
1.738822135616439255e+03
1.739300675565838901e+03
1.739636941606954451e+03
1.739830933739786133e+03
1.739881871311887835e+03
1.739789559160147974e+03
1.739553411795232250e+03
1.739173234054028853e+03
1.738648440447203711e+03
1.737978835811644785e+03
1.737163639494906647e+03
1.736202851496988842e+03
1.735095691165445714e+03
1.733842158500277037e+03
1.732441472849036927e+03
1.730893634211725157e+03
1.729199618403899422e+03
1.727360206078005831e+03
1.725376568212713210e+03
1.723249875786690609e+03
1.720981494941718438e+03
1.718572011167131450e+03
1.716022790604709826e+03
1.713334809070011261e+03
1.710509237541704806e+03
1.707547051835347929e+03
1.704449422929609682e+03
1.701217521803158661e+03
1.697852519434664600e+03
1.694355001313461344e+03
1.690726723907552696e+03
1.686968272706272955e+03
1.683080818688291629e+03
1.679065727995388670e+03
1.674923781280010189e+03
1.670656149520825466e+03
1.666264198859614680e+03
1.661748514785712587e+03
1.657110658604010951e+03
1.652351410966956109e+03
1.647471942853216660e+03
1.642473425241462110e+03
1.637356833947249470e+03
1.632123242367692228e+03
1.626773821481459208e+03
1.621309742267219690e+03
1.615731785377419556e+03
1.610041512116950571e+03
1.604239507975147717e+03
1.598327334256902759e+03
1.592305674033105788e+03
1.586175893445537440e+03
1.579938870728199618e+03
1.573595776859761145e+03
1.567147685237335281e+03
1.560595864421146871e+03
1.553941192645197589e+03
1.547184840888156486e+03
1.540327980128692388e+03
1.533371488600807425e+03
1.526316537283170192e+03
1.519164101991338612e+03
1.511915646448648658e+03
1.504571951307546215e+03
1.497134187546700559e+03
1.489603623726336309e+03
1.481982504222235775e+03
1.474273170991737061e+03
1.466478258736845191e+03
1.458599914251786686e+03
1.450640772238567024e+03
1.442603174654524082e+03
1.434489365875440171e+03
1.426302273347987921e+03
1.418043653540170453e+03
1.409716433898660625e+03
1.401322858799240521e+03
1.392865270199248016e+03
1.384346400382244610e+03
1.375768200979344783e+03
1.367133404274110035e+03
1.358444449805433578e+03
1.349703679530653744e+03
1.340913435407108636e+03
1.332076352136803280e+03
1.323194478932408629e+03
1.314270743240596858e+03
1.305307194274039148e+03
1.296306369153184733e+03
1.287270512253815923e+03
1.278202453441049556e+03
1.269104241927556359e+03
1.259978609996897376e+03
1.250827606861743106e+03
1.241653964805655050e+03
1.232459928204414837e+03
1.223248034178472608e+03
1.214020624685166013e+03
1.204780139263388719e+03
1.195529115033590415e+03
1.186269796371553412e+03
1.177004720397727169e+03
1.167736229069449564e+03
1.158466761925614719e+03
1.149198758505115848e+03
1.139934755928402865e+03
1.130676998571257855e+03
1.121428023554130277e+03
1.112190075252802671e+03
1.102965885950835855e+03
1.093757504860900326e+03
1.084567664266557586e+03
1.075398706125145509e+03
1.066252972394001745e+03
1.057132902612020416e+03
1.048040838736539627e+03
1.038978439654006706e+03
1.029947071506202519e+03
1.020948393179574623e+03
1.011983770815903540e+03
1.003054765720081377e+03
9.941628416154443357e+02
9.853097549699959927e+02
9.764965791808494942e+02
9.677251682975640961e+02
9.589968884619203209e+02
9.503132033972544832e+02
9.416756744084585762e+02
9.330857652188688007e+02
9.245450371333772637e+02
9.160550514568758445e+02
9.076170767495892733e+02
8.992328694795212414e+02
8.909036982068963653e+02
8.826312218181623166e+02
8.744170016182113159e+02
8.662624037488237718e+02
8.581689895148916776e+02
8.501382226397513477e+02
8.421715668467388696e+02
8.342706810223021421e+02
8.264369313082216877e+02
8.186718790093893858e+02
8.109770366399195609e+02
8.033538679231483002e+02
7.958038853731897007e+02
7.883285039226022946e+02
7.809294800393895457e+02
7.736080334929982882e+02
7.663658719606540899e+02
7.592043127933598043e+02
7.521249660867850935e+02
7.451293931458220641e+02
7.382190576938069171e+02
7.313953746632980710e+02
7.246599053591874053e+02
7.180141622955893581e+02
7.114596579866177990e+02
7.049978561556090426e+02
6.986302693166771860e+02
6.923584099839364399e+02
6.861838394622786836e+02
6.801079726842625632e+02
6.741323221640018346e+02
6.682584492063888320e+02
6.624874759993144835e+02
6.568196952874461658e+02
6.512550094892279731e+02
6.457932234415485482e+02
6.404342883536299951e+02
6.351782042254723137e+02
6.300247271031860237e+02
6.249738569867712386e+02
6.200255450854500623e+02
6.151795962361109105e+02
6.104359616479760007e+02
6.057944949487117583e+02
6.012551473475401735e+02
5.968179188444613601e+02
5.924825166948079413e+02
5.882490384801357095e+02
5.841172890373333075e+02
5.800871707848448295e+02
5.761586349318923794e+02
5.723315351061424963e+02
5.686058713075949527e+02
5.649814971639162877e+02
5.614582663027729268e+02
5.580361299333868601e+02
5.547149904742022954e+02
5.514947503436636680e+02
5.483754095417708641e+02
5.453567241146345168e+02
5.424386452714767302e+02
5.396211730122975041e+02
5.369041121739854816e+02
5.342874139657625392e+02
5.317709320152952159e+02
5.293546663225835118e+02
5.270384217245158425e+02
5.248221982210923215e+02
5.227058494399792608e+02
5.206892777996208679e+02
5.187724345092393605e+02
5.169551244057231543e+02
5.152373962798501452e+02
5.136190549685088627e+02
5.121001004716991929e+02
5.106802888355319965e+02
5.093596688507849422e+02
5.081380941451244553e+02
5.070154183462169613e+02
5.059916414540624032e+02
5.050666170963272066e+02
5.042402964822334184e+02
5.035123380763359933e+02
5.028816196907437188e+02
5.023469215560098178e+02
5.019068775303537109e+02
5.015601702627728287e+02
5.013055799838202233e+02
5.011416917609375332e+02
5.010672858246779242e+02
5.010810448240387132e+02
5.011816026172394345e+02
5.013677394348331973e+02
5.016381379258173183e+02
5.019914319484113889e+02
5.024263041516127259e+02
5.029415835567523345e+02
5.035358552312717961e+02
5.042078506149464374e+02
5.049562523567735752e+02
5.057797918965284225e+02
5.066771518832084666e+02
5.076469661750330715e+02
5.086880150025554599e+02
5.097989810147728917e+02
5.109784980699049584e+02
5.122253463985048256e+02
5.135381598587918006e+02
5.149156698905412668e+02
5.163565103519727018e+02
5.178594614736392714e+02
5.194232059045382357e+02
5.210463775028891860e+02
5.227277564992451744e+02
5.244659767518257922e+02
5.262597209096282995e+02
5.281077204124279660e+02
5.300087067000000616e+02
5.319613136305641774e+02
5.339643214346732520e+02
5.360162663889910846e+02
5.381160263056266331e+02
5.402621862520214790e+02
5.424535264587286747e+02
5.446886319931899152e+02
5.469662342951803566e+02
5.492851135952532786e+02
5.516438549608501489e+02
5.540412386225242471e+02
5.564758984384948235e+02
5.589466146393152712e+02
5.614519722924270582e+02
5.639907516283832365e+02
5.665614401330698229e+02
5.691625740831506164e+02
5.717927873368448672e+02
5.744505185892608097e+02
5.771344016986178076e+02
5.798429241508017640e+02
5.825746222224763642e+02
5.853280809810833034e+02
5.881018367032863807e+02
5.908944256657492815e+02
5.937043353543577950e+02
5.965302484181094087e+02
5.993705547613341196e+02
6.022238882422515189e+02
6.050887851375254058e+02
6.079637817238193520e+02
6.108473654870194878e+02
6.137381702853449497e+02
6.166346836046819817e+02
6.195354417216940419e+02
6.224390297038228255e+02
6.253439350369543490e+02
6.282487915793079765e+02
6.311520380259917147e+02
6.340523082352250412e+02
6.369480896928938591e+02
6.398379674664397498e+02
6.427204290417487300e+02
6.455940106954842577e+02
6.484572974950882553e+02
6.513089232987800870e+02
6.541472780108898633e+02
6.569709466988591657e+02
6.597785144301296896e+02
6.625684686905872240e+02
6.653394433384514741e+02
6.680898770688301056e+02
6.708184037399429371e+02
6.735234620468977482e+02
6.762036858479140164e+02
6.788576114196556546e+02
6.814837262480084519e+02
6.840806641911918859e+02
6.866468151535361812e+02
6.891809105748163802e+02
6.916813403593628209e+02
6.941467871561726497e+02
6.965756408695762048e+02
6.989666329393485285e+02
7.013182996421535336e+02
7.036300066978787981e+02
7.059013637803012671e+02
7.081318341908643106e+02
7.103209788125672048e+02
7.124682609468530927e+02
7.145732414767212504e+02
7.166355300759487363e+02
7.186544924644230150e+02
7.206296407343653527e+02
7.225605845595528081e+02
7.244468848229845435e+02
7.262879560353259194e+02
7.280833102887983159e+02
7.298325572571786779e+02
7.315352090326882717e+02
7.331907289167703539e+02
7.347985802108685220e+02
7.363584213795375035e+02
7.378697157242206686e+02
7.393319753371393972e+02
7.407446635197368323e+02
7.421074387365680423e+02
7.434197154982983875e+02
7.446810058971492481e+02
7.458908708161196728e+02
7.470489199289867202e+02
7.481545189556378546e+02
7.492071311975166736e+02
7.502064639099558008e+02
7.511520291851763886e+02
7.520431927430662427e+02
7.528796130481802038e+02
7.536607534019615287e+02
7.543861258966315972e+02
7.550552914151894583e+02
7.556676156775228037e+02
7.562228547297421528e+02
7.567204718732909896e+02
7.571597840372788824e+02
7.575405472678166916e+02
7.578621272847918817e+02
7.581242313435373035e+02
7.583261763731625251e+02
7.584675720474448326e+02
7.585478816678273688e+02
7.585667636988649747e+02
7.585235350696675596e+02
7.584179518263457567e+02
7.582493796887870303e+02
7.580174771215464489e+02
7.577228296139583108e+02
7.573659250738014634e+02
7.569474953627441209e+02
7.564680283885649033e+02
7.559283048037098069e+02
7.553288125159576794e+02
7.546702833869766209e+02
7.539532541153231477e+02
7.531783101903320130e+02
7.523461834736710898e+02
7.514574106638971216e+02
7.505126748319003127e+02
7.495126102577930851e+02
7.484577048493541724e+02
7.473486416774737791e+02
7.461861038130423367e+02
7.449707255361719263e+02
7.437030435454195185e+02
7.423836921208971944e+02
7.410133055427174895e+02
7.395925668817706082e+02
7.381219640458352842e+02
7.366021801058018355e+02
7.350338981325604664e+02
7.334176548246678067e+02
7.317541332530140608e+02
7.300439676977117642e+02
7.282876948573173195e+02
7.264859002211654797e+02
7.246393644417020141e+02
7.227485266359279876e+02
7.208142162470670655e+02
7.188368236013424166e+02
7.168171781419779336e+02
7.147557677767522364e+02
7.126532755765557567e+02
7.105102870307227931e+02
7.083274852101437773e+02
7.061053092318194331e+02
7.038445885389737668e+02
7.015459086209411907e+02
6.992098061762783345e+02
6.968369154850976201e+02
6.944278708275114695e+02
6.919833552744099734e+02
6.895039543151278849e+02
6.869902534389993889e+02
6.844428381353592385e+02
6.818624402658755344e+02
6.792496453198826885e+02
6.766055266944939603e+02
6.739310602052668173e+02
6.712272216677588403e+02
6.684951332698612987e+02
6.657358684086871108e+02
6.629503053182382928e+02
6.601396637679616788e+02
6.573048219918589439e+02
6.544469997593769222e+02
6.515670265137396200e+02
6.486660732336160891e+02
6.457451157345636830e+02
6.428052762044735573e+02
6.398475304589032930e+02
6.368728543134103575e+02
6.338823699558857925e+02
6.308771019926651888e+02
6.278580750300836826e+02
6.248263136744767507e+02
6.217828913229576528e+02
6.187288325818618659e+02
6.156651620575245261e+02
6.125928555655034415e+02
6.095130840844673230e+02
6.064267746391959690e+02
6.033350006268026391e+02
6.002388354444004790e+02
5.971392549075471834e+02
5.940373324133557844e+02
5.909340925681617591e+02
5.878305599783004709e+02
5.847277592501072832e+02
5.816268125714734651e+02
5.785286957579563705e+02
5.754343846251134664e+02
5.723450013608360223e+02
5.692615705714592877e+02
5.661851168633187399e+02
5.631166648427497421e+02
5.600572879068654402e+02
5.570080106620014249e+02
5.539698089237149361e+02
5.509438048798973568e+02
5.479310231368838231e+02
5.449324395102320295e+02
5.419491273970552356e+02
5.389821601944664735e+02
5.360324649272456554e+02
5.331012125740616057e+02
5.301893301596938954e+02
5.272973543826993819e+02
5.244260171047460517e+02
5.215758550243904210e+02
5.187475024217451391e+02
5.159413984138108162e+02
5.131582748622557801e+02
5.103986196748586508e+02
5.076631159225097463e+02
5.049522515129878002e+02
5.022666119356272816e+02
4.996068802613185085e+02
4.969735443978402145e+02
4.943672386253047080e+02
4.917884996422687323e+02
4.892379617288445388e+02
4.867161615835888711e+02
4.842237334866139804e+02
4.817612629272545064e+02
4.793292866040669651e+02
4.769283412156080999e+02
4.745592074143237369e+02
4.722222755264370448e+02
4.699181798320603320e+02
4.676475546113060204e+02
4.654109365627306261e+02
4.632089111756687316e+02
4.610421127302327591e+02
4.589110779249792245e+02
4.568163922492427105e+02
4.547586411923576861e+02
4.527383614528808380e+02
4.507562848924801528e+02
4.488128506281566956e+02
4.469087417308005570e+02
4.450443973174126882e+02
4.432205980404390857e+02
4.414378318076584833e+02
4.396966353176275106e+02
4.379975940596806936e+02
4.363413911047082934e+02
4.347285143604889868e+02
4.331596468979131487e+02
4.316353254155372383e+02
4.301560866119180560e+02
4.287225159763900137e+02
4.273352477890654768e+02
4.259949163300568671e+02
4.247019607163650221e+02
4.234570640188802599e+02
4.222606653546033613e+02
4.211126183512007515e+02
4.200127766363388560e+02
4.189607986745724588e+02
4.179564405120121933e+02
4.169994581947687493e+02
4.160897053505084386e+02
4.152268892345640552e+02
4.144107171022683360e+02
4.136409937905097536e+02
4.129174265546211018e+02
4.122398202314907962e+02
4.116079308672295838e+02
4.110215145079479839e+02
4.104803271997566867e+02
4.099841249887662684e+02
4.095326151303095230e+02
4.091256268566638141e+02
4.087628674231619925e+02
4.084441172713035257e+02
4.081691324471991038e+02
4.079376933923482511e+02
4.077494829666948135e+02
4.076043547979051596e+02
4.075019673505341302e+02
4.074421498568592028e+02
4.074246339676020057e+02
4.074492001242621200e+02
4.075155799775612877e+02
4.076235295736100852e+02
4.077727805631302544e+02
4.079631621783991022e+02
4.081943816747495362e+02
4.084661707029031277e+02
4.087783584951373541e+02
4.091306279113960045e+02
4.095228081839566130e+02
4.099546065681518030e+02
4.104257791100922645e+02
4.109361306466664701e+02
4.114853196424292605e+02
4.120732485158250142e+02
4.126995269406306193e+02
4.133640085445124441e+02
4.140664005828032828e+02
4.148065078923916644e+02
4.155840377286102694e+02
4.163987949283476269e+02
4.172504867469364740e+02
4.181388692304874439e+02
4.190636496343332738e+02
4.200240960968058630e+02
4.210194767562371112e+02
4.220488645878472767e+02
4.231115277299683726e+02
4.242066855301542887e+02
4.253335085451811892e+02
4.264912161226030207e+02
4.276789788191960042e+02
4.288960159825140863e+02
4.301415469601112704e+02
4.314146935179857678e+02
4.327147725852473741e+02
4.340409059278943005e+02
4.353923128934806073e+02
4.367682128295601842e+02
4.381677762929092523e+02
4.395901738403039190e+02
4.410346736100759699e+02
4.425004949497795224e+02
4.439867108346348914e+02
4.454926869845296551e+02
4.470174475839064030e+02
4.485604071434305524e+02
4.501205410567667968e+02
4.516971662530248182e+02
4.532895020797586767e+02
4.548966703029665268e+02
4.565179390609803249e+02
4.581524789105761784e+02
4.597995091993080905e+02
4.614582004839521687e+02
4.631277721120623596e+02
4.648074434311927234e+02
4.664963849981193675e+02
4.681937673696184561e+02
4.698988586840217749e+02
4.716108294981054883e+02
4.733288991594236563e+02
4.750521894339744335e+02
4.767800172508675587e+02
4.785114555853235174e+02
4.802458701572298310e+02
4.819822851510289752e+02
4.837199687050529633e+02
4.854581889576335243e+02
4.871961164655468224e+02
4.889328242040132864e+02
4.906677266836983335e+02
4.923998480890444966e+02
4.941284565583836752e+02
4.958529178116034473e+02
4.975726951501471831e+02
4.992871055031246783e+02
5.009955145904235678e+02
5.026973857134871082e+02
5.043919870106473127e+02
5.060787817833474378e+02
5.077572333330309675e+02
5.094265610072517916e+02
5.110862281074533371e+02
5.127356491443010782e+02
5.143741410469048105e+02
5.160012159074858573e+02
5.176161418643758907e+02
5.192183334282404985e+02
5.208071563189672588e+02
5.223820738379996556e+02
5.239424517052252668e+02
5.254876068497537744e+02
5.270169537822507664e+02
5.285299070133817168e+02
5.300258322630343173e+02
5.315041440418738148e+02
5.329642080697881283e+02
5.344053900666647223e+02
5.358271045431690709e+02
5.372287172191888658e+02
5.386096426053896948e+02
5.399691976308810126e+02
5.413068943878844266e+02
5.426220010147316088e+02
5.439139808128659297e+02
5.451821507113971848e+02
5.464259740117687443e+02
5.476447676430902902e+02
5.488379461160274104e+02
5.500048751504676829e+02
5.511450180478544780e+02
5.522576917372975913e+02
5.533423107294624970e+02
5.543981919534588769e+02
5.554247987107302151e+02
5.564214967211640896e+02
5.573877004954258609e+02
5.583227269626255520e+02
5.592259906334284096e+02
5.600969060185001354e+02
5.609348388377281935e+02
5.617392036017780583e+02
5.625094148213154313e+02
5.632454237055623025e+02
5.639469863006291916e+02
5.646142001880721182e+02
5.652468702047793840e+02
5.658449475599730931e+02
5.664083834628754630e+02
5.669370803319307015e+02
5.674310381671389223e+02
5.678900618053884273e+02
5.683142488282351223e+02
5.687033064910116309e+02
5.690573323752738588e+02
5.693761801086880041e+02
5.696598009004763981e+02
5.699080971690831348e+02
5.701210201237303181e+02
5.702984721828622696e+02
5.704404045557010932e+02
5.705467684514690063e+02
5.706174174978322071e+02
5.706523029040129131e+02
5.706513758792333419e+02
5.706145388419375877e+02
5.705417430013478679e+02
5.704328907759083904e+02
5.702879333748412591e+02
5.701067732165907955e+02
5.698894103011568859e+02
5.696356006746502771e+02
5.693454419186266477e+02
5.690187876607524231e+02
5.686555891102497071e+02
5.682556998947849252e+02
5.678191688051358597e+02
5.673458006781910399e+02
5.668355955139504658e+02
5.662884557308583453e+02
5.657043325381368959e+02
5.650831283542303254e+02
5.644247943883607377e+02
5.637291842681945582e+02
5.629963467845095693e+02
5.622260867741943002e+02
5.614184530280267609e+02
5.605732503828953668e+02
5.596904300480221082e+02
5.587699920234072124e+02
5.578117899367168775e+02
5.568158237879511034e+02
5.557819959955543254e+02
5.547107944673050497e+02
5.536026095294264451e+02
5.524578802989193491e+02
5.512771922651182877e+02
5.500608869634684197e+02
5.488095010925261477e+02
5.475234249785147540e+02
5.462031465292128587e+02
5.448491536523991954e+02
5.434618854650746016e+02
5.420418298750180384e+02
5.405893772084522197e+02
5.391050641639340029e+02
5.375893298584642253e+02
5.360426134090437245e+02
5.344654027234511204e+02
5.328581857094653742e+02
5.312213039025315311e+02
5.295553915827618994e+02
5.278607902856017517e+02
5.261379879188297082e+02
5.243874235994467199e+02
5.226096340260094166e+02
5.208050095247407398e+02
5.189740380034195368e+02
5.171171097882686354e+02
5.152348591594005711e+02
5.133275788614826070e+02
5.113958055930712590e+02
5.094399784711674783e+02
5.074605854035499419e+02
5.054580655072196009e+02
5.034329066899551890e+02
5.013855480687576005e+02
4.993163799698497769e+02
4.972259878825663009e+02
4.951147621331301139e+02
4.929831906293199495e+02
4.908317612789146551e+02
4.886608644081371153e+02
4.864709879247661775e+02
4.842626197365805183e+02
4.820361989605810322e+02
4.797922135045465666e+02
4.775310536946999491e+02
4.752533050203758194e+02
4.729592602262413834e+02
4.706495535924090632e+02
4.683245266543239040e+02
4.659847161105425357e+02
4.636307074503995409e+02
4.612630861632293886e+02
4.588825353199222832e+02
4.564895916190348544e+02
4.540849381314574202e+02
4.516691115557466105e+02
4.492427949627926296e+02
4.468065738419299464e+02
4.443611312640488791e+02
4.419069551369281612e+02
4.394447773222358933e+02
4.369751345185287619e+02
4.344987097966969714e+02
4.320160398552971515e+02
4.295278565559974595e+02
4.270345990157987330e+02
4.245370966779248647e+02
4.220357886593767489e+02
4.195313580310445900e+02
4.170244390730408099e+02
4.145156172746999346e+02
4.120055269161342721e+02
4.094947534866783485e+02
4.069839312664445856e+02
4.044737189309342398e+02
4.019646531787039407e+02
3.994573926852550585e+02
3.969525473353110101e+02
3.944507270135951558e+02
3.919525416048310831e+02
3.894586497845199347e+02
3.869696370419963500e+02
3.844860888665947982e+02
3.820086639338165924e+02
3.795379965237740407e+02
3.770745989396349387e+02
3.746192030430673299e+02
3.721723699280167921e+02
3.697347094792068560e+02
3.673068803721387212e+02
3.648894193053690742e+02
3.624830337451770674e+02
3.600882603901193306e+02
3.577057823110861818e+02
3.553361849974120332e+02
3.529800783338204155e+02
3.506380722050346890e+02
3.483108008911672755e+02
3.459988498815526441e+02
3.437028046655253206e+02
3.414230067785304641e+02
3.391597489652352806e+02
3.369133239703069762e+02
3.346839757476350314e+02
3.324720702280534397e+02
3.302778513654515677e+02
3.281015875091077874e+02
3.259436201944672007e+02
3.238041933754191746e+02
3.216836241920198631e+02
3.195822053889365861e+02
3.175002053154476016e+02
3.154379167162201725e+02
3.133956323359216185e+02
3.113736449192190889e+02
3.093722472107799035e+02
3.073917075598823203e+02
3.054323431065825503e+02
3.034944465955478563e+02
3.015782863760566102e+02
2.996841307973870130e+02
2.978123213949842238e+02
2.959631265181266144e+02
2.941367901207034947e+02
2.923336781335489150e+02
2.905540345105523556e+02
2.887981519963809660e+02
2.870663233357020658e+02
2.853588412731828612e+02
2.836759985534905582e+02
2.820180879212925333e+02
2.803853533304780399e+02
2.787781607118812417e+02
2.771967296240025007e+02
2.756414016022869760e+02
2.741124449960129823e+02
2.726101281544588346e+02
2.711347682176806870e+02
2.696866579303458593e+02
2.682660412463436614e+02
2.668732597011192524e+02
2.655086060393398384e+02
2.641723242148948998e+02
2.628647313678404771e+02
2.615860958474550557e+02
2.603367591891836241e+02
2.591169409515266580e+02
2.579269826699292594e+02
2.567671282982809089e+02
2.556376461858598077e+02
2.545383899603323812e+02
2.534691888539760498e+02
2.524299208898461302e+02
2.514203177186643074e+02
2.504402817588748178e+02
2.494895690565883228e+02
2.485680820302490588e+02
2.476755767259676304e+02
2.468119067714104347e+02
2.459768770034659440e+02
2.451703166544116073e+02
2.443920793519138215e+02
2.436419455374721394e+02
2.429197688387529013e+02
2.422253540926446362e+02
2.415585305314247648e+02
2.409191273873707644e+02
2.403069494973710789e+02
2.397218504890921338e+02
2.391636351994223730e+02
2.386321084652503544e+02
2.381271239142424179e+02
2.376484863832870644e+02
2.371960495000506626e+02
2.367695937060327935e+02
2.363689726288998258e+02
2.359939911055402604e+02
2.356444783682315176e+02
2.353202880446399945e+02
2.350211761808763242e+02
2.347470207999957665e+02
2.344976267388868791e+02
2.342728232298270541e+02
2.340724151097048207e+02
2.338962560061865474e+02
2.337441507561607352e+02
2.336159285919048045e+02
2.335114187456962043e+02
2.334304016590344872e+02
2.333727553549749985e+02
2.333382846704061819e+02
2.333268188376055150e+02
2.333381626934614985e+02
2.333721454702515530e+02
2.334285964002530989e+02
2.335073447157436135e+02
2.336081952536115978e+02
2.337309772461344437e+02
2.338755443209785483e+02
2.340416281288655966e+02
2.342288871343504866e+02
2.344368822204322953e+02
2.346651742701101853e+02
2.349133973525500778e+02
2.351810879553621589e+02
2.354678069615455627e+02
2.357731640448772623e+02
2.360967444837453684e+02
2.364381091611489296e+02
2.367968433554760850e+02
2.371725079497259117e+02
2.375647126176754114e+02
2.379729938469347701e+02
2.383969613112809895e+02
2.388362002891021518e+02
2.392902716633973625e+02
2.397587851079436234e+02
2.402412527149621724e+02
2.407373085536189592e+02
2.412465135069131179e+02
2.417684528532326738e+02
2.423026874755767608e+02
2.428488026523334611e+02
2.434064080572797764e+02
2.439750401780258642e+02
2.445542842929598066e+02
2.451437256804696574e+02
2.457429496189434701e+02
2.463515413867693269e+02
2.469690618669463333e+02
2.475950963378625431e+02
2.482292300779060383e+02
2.488710239700759530e+02
2.495200632927603124e+02
2.501759089289582505e+02
2.508381949478357171e+02
2.515064578370028983e+02
2.521802584794588995e+02
2.528592065489807510e+02
2.535428873239564780e+02
2.542308616873852145e+02
2.549227149176550427e+02
2.556180078977650396e+02
2.563163259061033159e+02
2.570172786164468448e+02
2.577204025164058407e+02
2.584253072797572486e+02
2.591315293941113396e+02
2.598387273240228410e+02
2.605463887663242417e+02
2.612542453717371131e+02
2.619619556048163531e+02
2.626691535347279114e+02
2.633755708121934731e+02
2.640808415063789312e+02
2.647846484772281883e+02
2.654866501892960287e+02
2.661865295025262981e+02
2.668839692768628424e+02
2.675786035814715547e+02
2.682701396716851718e+02
2.689582360120585918e+02
2.696425998579245515e+02
2.703228408830601097e+02
2.709986419474089985e+02
2.716697103063040117e+02
2.723357044242999905e+02
2.729962827659518325e+02
2.736511037958143788e+02
2.742998991646093714e+02
2.749422785461137551e+02
2.755779491956603238e+02
2.762065695778039185e+02
2.768277981570994370e+02
2.774413421888796165e+02
2.780468113469214586e+02
2.786439616773355965e+02
2.792324028538990319e+02
2.798118421319444451e+02
2.803819135806378426e+02
2.809423244553119616e+02
2.814927088251327518e+02
2.820327739454329503e+02
2.825622026761563461e+02
2.830805802956909929e+02
2.835876872455365287e+02
2.840831575948587897e+02
2.845666254128237824e+02
2.850377979547642440e+02
2.854963580806239634e+02
2.859419398595688904e+02
2.863742261515428709e+02
2.867928998164896370e+02
2.871976681097419828e+02
2.875881163096879618e+02
2.879640004624382641e+02
2.883249302417697777e+02
2.886705885076263485e+02
2.890007069107297184e+02
2.893149195202457804e+02
2.896132263361745345e+02
2.898955297769601884e+02
2.901618542379918040e+02
2.904121997192692675e+02
2.906464930346257916e+02
2.908647097886724850e+02
2.910668255860203431e+02
2.912528648220583136e+02
2.914227543106196663e+02
2.915764696563153393e+02
2.917140108591454464e+02
2.918353535237209826e+02
2.919404488592640519e+02
2.920292724703858198e+02
2.921018243570861728e+02
2.921580313331983803e+02
2.921979421895002247e+02
2.922214837398249756e+02
2.922286315887837418e+02
2.922193613409874615e+02
2.921936729964361348e+02
2.921515177643520360e+02
2.920928956447349947e+02
2.920177578468072852e+02
2.919260555797908978e+02
2.918178132390748374e+02
2.916930064292701559e+02
2.915515863595990140e+02
2.913935042392834589e+02
2.912187844637124954e+02
2.910273782421082274e+02
2.908192855744706549e+02
2.905944332746329906e+02
2.903528457379841257e+02
2.900944497783572729e+02
2.898192453957523753e+02
2.895272325901695467e+02
2.892183625708308341e+02
2.888926109423472894e+02
2.885499533093300215e+02
2.881903408810011342e+02
2.878137980527495756e+02
2.874202760337974496e+02
2.870097504287558081e+02
2.865821724468468119e+02
2.861375420880704610e+02
2.856758349570377504e+02
2.851970266583598459e+02
2.847011171920366905e+02
2.841880821626793363e+02
2.836581167333993108e+02
2.831114648580859807e+02
2.825483704906287130e+02
2.819690775849169313e+02
2.813737569086731014e+02
2.807627256019534912e+02
2.801361788278695713e+02
2.794943361449218173e+02
2.788374659023884874e+02
2.781657876587700571e+02
2.774795209725669451e+02
2.767789341930574665e+02
2.760642224833531486e+02
2.753356541927322496e+02
2.745934488796953019e+02
2.738378261027426106e+02
2.730690542111526042e+02
2.722873283680367535e+02
2.714929169226733165e+02
2.706860394335628257e+02
2.698669154592056429e+02
2.690358133488800831e+02
2.681929526610866787e+02
2.673385773497146829e+02
2.664728825778756232e+02
2.655961366948479281e+02
2.647085836545207940e+02
2.638104186200058621e+02
2.629019099405813904e+02
2.619832771747477977e+02
2.610547642763945078e+02
2.601165908040219392e+02
2.591690251069083502e+02
2.582122623481653818e+02
2.572465464816822305e+02
2.562721214613484335e+02
2.552892312410532440e+02
2.542980709839082465e+02
2.532989090391917273e+02
2.522919893607930248e+02
2.512775315072126432e+02
2.502557306415620246e+02
2.492269039038973801e+02
2.481911976665523696e+02
2.471489046741941706e+02
2.461002444853232873e+02
2.450454610538290865e+02
2.439847739382119585e+02
2.429184026969723789e+02
2.418466400747776106e+02
2.407697056301280725e+02
2.396878677123020793e+02
2.386014922521336814e+02
2.375107500173454582e+02
2.364159825433825404e+02
2.353174581795232427e+02
2.342154208796569321e+02
2.331102121792287392e+02
2.320020272413501345e+02
2.308912076014663057e+02
2.297779972134665627e+02
2.286627132174071448e+02
2.275455995671774190e+02
2.264269490074445912e+02
2.253070054920981136e+02
2.241860617658051638e+02
2.230644593640109008e+02
2.219423690544379042e+02
2.208201567679201958e+02
2.196980664583471992e+02
2.185763664749971724e+02
2.174553251671484873e+02
2.163352596748572978e+02
2.152164139520129993e+02
2.140990807432828262e+02
2.129835283979450651e+02
2.118700496606670356e+02
2.107589128807269958e+02
2.096504108027922371e+02
2.085447629853631497e+02
2.074423109638848928e+02
2.063433230876357811e+02
2.052480433105051816e+02
2.041567887725492767e+02
2.030698156253519073e+02
2.019874166135803364e+02
2.009098356911239591e+02
1.998373778003444556e+02
1.987703112905201692e+02
1.977089289063183344e+02
1.966534867993227920e+02
1.956042655165063593e+02
1.945615700002306880e+02
1.935256564020797043e+02
1.924967808736371921e+02
1.914752727526538365e+02
1.904613515976300562e+02
1.894553345486220621e+02
1.884575021526026433e+02
1.874680861657666640e+02
1.864872085650588360e+02
1.855150157228128194e+02
1.845516174182787665e+02
1.835970990353179957e+02
1.826515825508752187e+02
1.817151899418950904e+02
1.807880187899333464e+02
1.798701910719347268e+02
1.789617921717604645e+02
1.780629684617441910e+02
1.771738297211361441e+02
1.762944491361031396e+02
1.754249730789788089e+02
1.745655113290133329e+02
1.737161370723735558e+02
1.728770088790875548e+02
1.720482243307110934e+02
1.712298810087999072e+02
1.704221008902987080e+02
1.696249937544576767e+02
1.688386571828326055e+02
1.680632253500626518e+02
1.672987958377035227e+02
1.665454906226999299e+02
1.658033950889131631e+02
1.650726556086768539e+02
1.643533697635467092e+02
1.636456229373840756e+02
1.629495615025225277e+02
1.622652830405178292e+02
1.615928973306201897e+02
1.609325263497743208e+02
1.602842554818415124e+02
1.596482189014608650e+02
1.590245141901881993e+02
1.584132755226626159e+02
1.578145882827454045e+02
1.572285866450757794e+02
1.566553559935149451e+02
1.560950183050076134e+02
1.555476833588040506e+02
1.550134731318488832e+02
1.544924974033923490e+02
1.539848537549902119e+02
1.534906519658926811e+02
1.530100262107389142e+02
1.525430740710846749e+02
1.520899053261801441e+02
1.516506175575811142e+02
1.512253205445377944e+02
1.508139045077999469e+02
1.504163084588952302e+02
1.500324104208789890e+02
1.496621006145009574e+02
1.493052936558998738e+02
1.489618919635200314e+02
1.486317613627221874e+02
1.483148286673396115e+02
1.480109840981220088e+02
1.477201300735137011e+02
1.474421568142644219e+02
1.471769545411239903e+02
1.469244378702310598e+02
1.466844970223354778e+02
1.464570466135759546e+02
1.462419524693132757e+02
1.460391292056862369e+02
1.458484792411390174e+02
1.456698927964214647e+02
1.455032722899777866e+02
1.453485201402522193e+02
1.452055143703001363e+02
1.450741817939546650e+02
1.449544004342711219e+02
1.448460727096938001e+02
1.447491010386669075e+02
1.446633756419402346e+02
1.445887867402636004e+02
1.445252611474701325e+02
1.444726646889207018e+02
1.444309119807540185e+02
1.443999054414143757e+02
1.443795352916514787e+02
1.443696917522151750e+02
1.443702894392441465e+02
1.443812185734881837e+02
1.444023693756970488e+02
1.444336564620095089e+02
1.444749578554808238e+02
1.445261881722497606e+02
1.445872376330660529e+02
1.446580086563739940e+02
1.447383914629233175e+02
1.448282884711582881e+02
1.449276020995231988e+02
1.450362225687677835e+02
1.451540400996418327e+02
1.452809815059785308e+02
1.454169248108332226e+02
1.455617480372611681e+02
1.457152560221508963e+02
1.458772658000853824e+02
1.460475578125641789e+02
1.462259246987812844e+02
1.464121712956252566e+02
1.466060780445956198e+02
1.468074497825809033e+02
1.470160547533861575e+02
1.472317221892888597e+02
1.474542447294830083e+02
1.476833906177737106e+02
1.479189524933549933e+02
1.481607595885043054e+02
1.484085801470267256e+02
1.486622190058107549e+02
1.489214444086615003e+02
1.491860855878563825e+02
1.494559107872005086e+02
1.497307370412768535e+02
1.500103325938904675e+02
1.502945144796243540e+02
1.505830631399780657e+02
1.508757712141456580e+02
1.511724435390155747e+02
1.514728727537818997e+02
1.517768392999441573e+02
1.520841480143908768e+02
1.523945915363160850e+02
1.527079747026082543e+02
1.530240657570724920e+02
1.533426817342917730e+02
1.536636030757656783e+02
1.539866346183826522e+02
1.543115568036423042e+02
1.546381866661275808e+02
1.549662924496435892e+02
1.552956789910788302e+02
1.556261389296273023e+02
1.559574771021775348e+02
1.562894739502290804e+02
1.566219221129759944e+02
1.569546264273067209e+02
1.572873795324153434e+02
1.576199740674958605e+02
1.579521904740478533e+02
1.582838335889597943e+02
1.586147082491202127e+02
1.589445948960286614e+02
1.592732861688791672e+02
1.596005991022547050e+02
1.599263629284326953e+02
1.602504434727740090e+02
1.605726699675560667e+02
1.608929448312231045e+02
1.612110607029691778e+02
1.615269078035440486e+02
1.618403397606140857e+02
1.621511858064567377e+02
1.624593361618218239e+02
1.627646200589867078e+02
1.630668911256178149e+02
1.633659907916870395e+02
1.636618092779441440e+02
1.639541636189721316e+02
1.642429318378262906e+02
1.645279431667840413e+02
1.648090878265952028e+02
1.650861828518427501e+02
1.653590940678874688e+02
1.656276873000902299e+02
1.658917917807285107e+02
1.661512855328575426e+02
1.664059977887548314e+02
1.666557943737812195e+02
1.669005289156030187e+02
1.671400550418866828e+02
1.673742385779929975e+02
1.676029087561994118e+02
1.678259314018667965e+02
1.680431601426614918e+02
1.682544486062498663e+02
1.684596504202983454e+02
1.686586070147787950e+02
1.688511842150520579e+02
1.690372356487845309e+02
1.692166027459481086e+02
1.693891635295980791e+02
1.695547472320119198e+02
1.697132196785504448e+02
1.698644222991855770e+02
1.700082209192781590e+02
1.701444691664945594e+02
1.702730084708066727e+02
1.703936924598808957e+02
1.705063991567725168e+02
1.706109577937589847e+02
1.707072219985066965e+02
1.707950575963764379e+02
1.708743182150346627e+02
1.709448574821476825e+02
1.710066753977154974e+02
1.710597963571270839e+02
1.711041715696045458e+02
1.711398620236202248e+02
1.711668311260907274e+02
1.711851032724049730e+02
1.711946662648685162e+02
1.711955323011758026e+02
1.711877257767157516e+02
1.711712344937939463e+02
1.711460462547159125e+02
1.711121854548705414e+02
1.710696398965633875e+02
1.710184461728778729e+02
1.709585798884250494e+02
1.708900532408993911e+02
1.708128662303008980e+02
1.707270310543240157e+02
1.706325477129687442e+02
1.705294162062351120e+02
1.704176487318175930e+02
1.702972330920216848e+02
1.701682058799308095e+02
1.700305427001560474e+02
1.698842557503918442e+02
1.697293572283326739e+02
1.695658349362840625e+02
1.693937010719404839e+02
1.692129678329964122e+02
1.690236352194518190e+02
1.688257032313067612e+02
1.686191840662556558e+02
1.684040655266040574e+02
1.681803598100464399e+02
1.679480791142772489e+02
1.677072234392965129e+02
1.674578049827986774e+02
1.671998115470892969e+02
1.669332431321683430e+02
1.666581241334247636e+02
1.663744545508585588e+02
1.660822221867752546e+02
1.657814514365638274e+02
1.654721423002242204e+02
1.651542825800619880e+02
1.648278966714660783e+02
1.644929845744364911e+02
1.641495340912787526e+02
1.637975696173817823e+02
1.634371155481345568e+02
1.630682572673983088e+02
1.626911289498122528e+02
1.623058403746265412e+02
1.619125379141748624e+02
1.615113313477073973e+02
1.611023304544743553e+02
1.606856816068093963e+02
1.602614823862682556e+02
1.598298669674900907e+02
1.593909573274196134e+02
1.589448876406959243e+02
1.584917432911803417e+02
1.580316950465954164e+02
1.575648404884969125e+02
1.570912893961350676e+02
1.566111881418434564e+02
1.561246465048723167e+02
1.556317986598608343e+02
1.551327421883647162e+02
1.546276234627176223e+02
1.541165522621697619e+02
1.535996505636657901e+02
1.530770525418449211e+02
1.525488679759573358e+02
1.520152310406422203e+02
1.514762515151497553e+02
1.509320513764246527e+02
1.503827647991060701e+02
1.498285137601386623e+02
1.492694080387726956e+02
1.487055818096473274e+02
1.481371448520127387e+02
1.475642191428136130e+02
1.469869510543836100e+02
1.464054381682784935e+02
1.458198146591373643e+02
1.452302025039049624e+02
1.446367114818314690e+02
1.440394757675560697e+02
1.434386173380234197e+02
1.428342581701782592e+02
1.422265202409652147e+02
1.416155255273289981e+02
1.410013838085198472e+02
1.403842414568713934e+02
1.397641960539393438e+02
1.391413939720573580e+02
1.385159327927811717e+02
1.378879466907499420e+02
1.372575698406028266e+02
1.366249242192845088e+02
1.359901561991286485e+02
1.353533877570798722e+02
1.347147530677773943e+02
1.340743863058603438e+02
1.334324460413568261e+02
1.327890542512115246e+02
1.321443329123690944e+02
1.314984405948576978e+02
1.308514870779274872e+02
1.302036431293010708e+02
1.295550063305341837e+02
1.289057352516549031e+02
1.282559640673024148e+02
1.276058147544214023e+02
1.269554458830399426e+02
1.263049550347137995e+02
1.256545129771655240e+02
1.250042538850342879e+02
1.243542875375703005e+02
1.237047847024961271e+02
1.230558429613675173e+02
1.224076208842125624e+02
1.217602526456704197e+02
1.211138602226857870e+02
1.204686021852867555e+02
1.198246005104180085e+02
1.191819771750242296e+02
1.185408907491335100e+02
1.179014632096905615e+02
1.172638409290289871e+02
1.166281580817879586e+02
1.159945366449121451e+02
1.153631351884296521e+02
1.147340512938962291e+02
1.141074557290344558e+02
1.134834704707889870e+02
1.128622296937989944e+02
1.122438797703981095e+02
1.116285426775310299e+02
1.110163647875313444e+02
1.104074680773437791e+02
1.098019989193019370e+02
1.092000914880449898e+02
1.086018799582120806e+02
1.080075107021368410e+02
1.074170934990694803e+02
1.068307869190381183e+02
1.062487129389874099e+02
1.056709935358620669e+02
1.050977262912178389e+02
1.045289112050547118e+02
1.039646458589284492e+02
1.034049668459224591e+02
1.028499229568145950e+02
1.022995751800772126e+02
1.017539784053354452e+02
1.012131875222143691e+02
1.006772452226446291e+02
1.001462185939458180e+02
9.962014422920134393e+01
9.909910141342523104e+01
9.858312064085367865e+01
9.807225680111177724e+01
9.756657698151911973e+01
9.706612997285357380e+01
9.657096456589300715e+01
9.608113565026253866e+01
9.559669201674003602e+01
9.511770685149232918e+01
9.464421064875556056e+01
9.417626439700211449e+01
9.371392908470429006e+01
9.325724740379276057e+01
9.280628034273986771e+01
9.236107669232346495e+01
9.192170353986314524e+01
9.148819747844233063e+01
9.106061949653333443e+01
9.063901838491403851e+01
9.022344293436233897e+01
8.981397242989226015e+01
8.941063126689276430e+01
8.901348043383616471e+01
8.862258701804205430e+01
8.823799371144107795e+01
8.785974930481111755e+01
8.748792088547172341e+01
8.712255724420079162e+01
8.676370717177620406e+01
8.641142555782305124e+01
8.606576119311922923e+01
8.572678116498430256e+01
8.539452816534890189e+01
8.506905098499092333e+01
8.475042281007716838e+01
8.443868023369104492e+01
8.413387814545765764e+01
8.383607753384937666e+01
8.354531499194956723e+01
8.326155392667484989e+01
8.298474554724734276e+01
8.271484716173641516e+01
8.245180388051693399e+01
8.219557911050551979e+01
8.194610576438256544e+01
8.170335334791192849e+01
8.146726697146849006e+01
8.123779784427435402e+01
8.101490327439890393e+01
8.079852837221702089e+01
8.058863044579807422e+01
8.038515460551694503e+01
8.018805815944298843e+01
7.999729231679832253e+01
7.981280828680509387e+01
7.963455727868542056e+01
7.946249050166142069e+01
7.929657136264970063e+01
7.913673277433066744e+01
7.898293814362091325e+01
7.883513258089534759e+01
7.869327949307053416e+01
7.855731789167415968e+01
7.842720508477556507e+01
7.830289838044411965e+01
7.818434288905470453e+01
7.807148981982945202e+01
7.796429038199049444e+01
7.786270798245439551e+01
7.776668163274884193e+01
7.767616864094317464e+01
7.759112631510676295e+01
7.751149366676726515e+01
7.743723410284127340e+01
7.736828663485643176e+01
7.730461466972934659e+01
7.724616941668213599e+01
7.719289598608968106e+01
7.714475168602136534e+01
7.710168772569930695e+01
7.706366141319284679e+01
7.703061176002965738e+01
7.700249607427909382e+01
7.697927166401051124e+01
7.696088363959881917e+01
7.694729540796058131e+01
7.693843988177623316e+01
7.693428046796238107e+01
7.693476837574112892e+01
7.693979992470950435e+01
7.694928973100623182e+01
7.696314021307554754e+01
7.698126598705616175e+01
7.700354507600340526e+01
7.702990429375046233e+01
7.706025215758882041e+01
7.709447278942101889e+01
7.713248080538576801e+01
7.717419082162179222e+01
7.721949305887888215e+01
7.726829603444851102e+01
7.732050216677494348e+01
7.737602607199687554e+01
7.743476406971133486e+01
7.749661857836257184e+01
7.756150421408931095e+01
7.762931119764131438e+01
7.769996024400455781e+01
7.777334157392880343e+01
7.784936980355277569e+01
7.792794125247348802e+01
7.800897053682966487e+01
7.809234787737108263e+01
7.817799398908370279e+01
7.826580519156452453e+01
7.835569000210504953e+01
7.844754474030227698e+01
7.854127792344769432e+01
7.863680416768004022e+01
7.873401369374906267e+01
7.883281501894627752e+01
7.893311666056314380e+01
7.903482103704391193e+01
7.913783056683286077e+01
7.924205376722143512e+01
7.934739305665391385e+01
7.945375085357453315e+01
7.956103567527479470e+01
7.966914994019892049e+01
7.977800216563841218e+01
7.988748867119026897e+01
7.999751797414600674e+01
8.010800469064430729e+01
8.021883294258773844e+01
8.032992954380948447e+01
8.044117861621209897e+01
8.055250087478151499e+01
8.066379263911476016e+01
8.077496242650332192e+01
8.088593705078038454e+01
8.099666162232082911e+01
8.110703855956892028e+01
8.121703126944123596e+01
8.132654217038204081e+01
8.143552247161345292e+01
8.154389288812143377e+01
8.165158633258637622e+01
8.175853571768874417e+01
8.186468005495615330e+01
8.196993396052735648e+01
8.207423034708274656e+01
8.217751432499723308e+01
8.227970660925676327e+01
8.238074011254175844e+01
8.248054774753263985e+01
8.257905632806259177e+01
8.267619876681204971e+01
8.277190797646142073e+01
8.286611686969112611e+01
8.295875226033435013e+01
8.304974706107152826e+01
8.313902808573584480e+01
8.322652824700772101e+01
8.331218655641480098e+01
8.339592372894304617e+01
8.347767877612012910e+01
8.355737241293196860e+01
8.363494365090623717e+01
8.371032540272337030e+01
8.378344448221653806e+01
8.385423380206616173e+01
8.392262017610543978e+01
8.398854261586201631e+01
8.405192183632185277e+01
8.411269684901260746e+01
8.417079446776746465e+01
8.422614760526683142e+01
8.427868917419114325e+01
8.432834598837359863e+01
8.437505096049459041e+01
8.441874310208180532e+01
8.445933702927393938e+01
8.449677785244590211e+01
8.453099238543084937e+01
8.456190744206200804e+01
8.458945593501977100e+01
8.461357077698457374e+01
8.463418488063682332e+01
8.465123115865695524e+01
8.466471570989220652e+01
8.467462023780086611e+01
8.468095084123017102e+01
8.468370752018012126e+01
8.468289027465070262e+01
8.467849300579470651e+01
8.467052181245935571e+01
8.465897059579741324e+01
8.464383325696164206e+01
8.462512199364651622e+01
8.460283070700479868e+01
8.457695939703648946e+01
8.454750806374160277e+01
8.451446450942563615e+01
8.447784703063032907e+01
8.443763733081395628e+01
8.439384760767100602e+01
8.434646566350699004e+01
8.429550369601638238e+01
8.424094950750470900e+01
8.418280919681922114e+01
8.412108276395990458e+01
8.405576411007952231e+01
8.398685323517808854e+01
8.391435013925560327e+01
8.383825482231205228e+01
8.375856728434743559e+01
8.367528752536176739e+01
8.358841554535504770e+01
8.349794524548002528e+01
8.340387662573670013e+01
8.330621578497232349e+01
8.320495052549243553e+01
8.310009304499146765e+01
8.299163724462221126e+01
8.287957702553742934e+01
8.276391848658435890e+01
8.264465552891574873e+01
8.252179425137886426e+01
8.239532245627920304e+01
8.226525844015849032e+01
8.213158390647500084e+01
8.199430495407600006e+01
8.185341548411423673e+01
8.170892769428417068e+01
8.156082328804410508e+01
8.140910836424129116e+01
8.125378902172293749e+01
8.109486526048905830e+01
8.093233098169243078e+01
8.076624717380536822e+01
8.059665042991130690e+01
8.042360173848257432e+01
8.024715598914427517e+01
8.006735587382706854e+01
7.988425628215604490e+01
7.969792430145079720e+01
7.950839652479471908e+01
7.931572784181292946e+01
7.911996704328331020e+01
7.892118121652542584e+01
7.871941305346992124e+01
7.851471134489467829e+01
7.830713707927202449e+01
7.809673294853261893e+01
7.788355994114878911e+01
7.766766684789843112e+01
7.744911465725387245e+01
7.722793996229852098e+01
7.700420375150471841e+01
7.677796091449759786e+01
7.654926024205499857e+01
7.631814442610757965e+01
7.608469275166939383e+01
7.584892961412937495e+01
7.561092819965432454e+01
7.537072510132766467e+01
7.512837520877448583e+01
7.488394560931439514e+01
7.463747289603077206e+01
7.438901195854873549e+01
7.413862378534062714e+01
7.388635716718432889e+01
7.363226089485770842e+01
7.337638375913864763e+01
7.311878674849948823e+01
7.285951865371811209e+01
7.259863436441960971e+01
7.233617657253464017e+01
7.207221236538276798e+01
7.180679053374187504e+01
7.153995376954262042e+01
7.127176916010454022e+01
7.100226719966384792e+01
7.073152717323456784e+01
7.045957957505287084e+01
7.018649149243834984e+01
6.991230561732163551e+01
6.963707683932783254e+01
6.936086614692929686e+01
6.908372233090391035e+01
6.880570637972398629e+01
6.852687318301465780e+01
6.824728372924828079e+01
6.796699290804993154e+01
6.768606780673920298e+01
6.740454501839951718e+01
6.712250992689213547e+01
6.683999912530046572e+01
6.655708579979133788e+01
6.627381264229536839e+01
6.599025283897938721e+01
6.570644908177402499e+01
6.542246845799887467e+01
6.513837195612626374e+01
6.485420836693408830e+01
6.457004477774189866e+01
6.428593607817481370e+01
6.400193105901072954e+01
6.371810290641643348e+01
6.343449431232257751e+01
6.315117846289597026e+01
6.286820414891449360e+01
6.258562626000325224e+01
6.230351188348182490e+01
6.202190981012807924e+01
6.174088712726160821e+01
6.146049872450751650e+01
6.118079339264367178e+01
6.090183821898965988e+01
6.062369419201782250e+01
6.034641010250603443e+01
6.007005303777387439e+01
5.979467178859921717e+01
5.952032734345440446e+01
5.924708069081179218e+01
5.897498672029647082e+01
5.870410032153356639e+01
5.843449468068988040e+01
5.816621248969605773e+01
5.789930863817721018e+01
5.763385631230015349e+01
5.736989820399551832e+01
5.710750140058289048e+01
5.684672689053461170e+01
5.658762346462855675e+01
5.633025821018430435e+01
5.607467381913249227e+01
5.582094347763994335e+01
5.556911597648451817e+01
5.531920961220793487e+01
5.507126097789358710e+01
5.482528837008318590e+01
5.458131008531842809e+01
5.433935051898826174e+01
5.409942796763437656e+01
5.386157292549295761e+01
5.362580978795293163e+01
5.339214465386154274e+01
5.316062021514942160e+01
5.293123647181657532e+01
5.270404221464087868e+01
5.247903744362232459e+01
5.225625265299709810e+01
5.203571833700135585e+01
5.181744669332957898e+01
5.160146211737070132e+01
5.138778290566641971e+01
5.117643955245291920e+01
5.096745340369550803e+01
5.076084885478312714e+01
5.055664115283386195e+01
5.035485164381304202e+01
5.015551082195682397e+01
4.995864308265416298e+01
4.976425757417589324e+01
4.957238479075819271e+01
4.938304912779000233e+01
4.919626888181302604e+01
4.901207149763981619e+01
4.883047527181207670e+01
4.865149850087151151e+01
4.847517472847790287e+01
4.830151615232572482e+01
4.813055326665115530e+01
4.796230131857227263e+01
4.779679080232524768e+01
4.763403696502817297e+01
4.747405810322274533e+01
4.731689080999237262e+01
4.716255033245514738e+01
4.701105191772914793e+01
4.686243215889778213e+01
4.671670630307913541e+01
4.657388959739130030e+01
4.643401863491767756e+01
4.629710256392911560e+01
4.616317187866179239e+01
4.603224792508102325e+01
4.590434290088128222e+01
4.577945070721533227e+01
4.565753780042339116e+01
4.553858588396374074e+01
4.542257666129468419e+01
4.530948878645091327e+01
4.519929176519623581e+01
4.509197339983619912e+01
4.498750624555823663e+01
4.488587200582065861e+01
4.478704323581089142e+01
4.469100163898725242e+01
4.459772586938441208e+01
4.450719458103704085e+01
4.441938032913260059e+01
4.433427396540022869e+01
4.425183584733290587e+01
4.417205987608339512e+01
4.409491250799191420e+01
4.402037849594036345e+01
4.394843649396343466e+01
4.387905295840133846e+01
4.381222179040683073e+01
4.374791249574374774e+01
4.368610982729400405e+01
4.362678024139780320e+01
4.356991154036068536e+01
4.351547627937009111e+01
4.346345921130792789e+01
4.341382984193803907e+01
4.336657292414232501e+01
4.332166406253185187e+01
4.327907886171768581e+01
4.323880207458174141e+01
4.320080625631145921e+01
4.316507006094151677e+01
4.313157214250659877e+01
4.310028810561777135e+01
4.307120270315693489e+01
4.304428544088793274e+01
4.301952412111629087e+01
4.299688824960583133e+01
4.297635952981485730e+01
4.295791661577803922e+01
4.294153511210645746e+01
4.292719367283477538e+01
4.291487400142129616e+01
4.290454865305346743e+01
4.289619933118957817e+01
4.288980468986431305e+01
4.288533423484150120e+01
4.288275442246135327e+01
4.288202256079322439e+01
4.288309900733009528e+01
4.288593497129409116e+01
4.289049081017818565e+01
4.289672688147535240e+01
4.290460049325496072e+01
4.291406590416274014e+01
4.292508652111528988e+01
4.293761965218197219e+01
4.295161650658491226e+01
4.296704354066431364e+01
4.298385501306592715e+01
4.300200823185910792e+01
4.302146050511321107e+01
4.304217523974483584e+01
4.306410364497610033e+01
4.308720302887637388e+01
4.311143679836224152e+01
4.313676531092669109e+01
4.316313672636821508e+01
4.319051750102703124e+01
4.321886189354888330e+01
4.324812416257951497e+01
4.327827076445912979e+01
4.330925595783347859e+01
4.334103095192467947e+01
4.337356830192018009e+01
4.340681311819486865e+01
4.344072575824171878e+01
4.347526657955371832e+01
4.351039593962384089e+01
4.354606809709781601e+01
4.358224340946863151e+01
4.361887613538203112e+01
4.365592358290736286e+01
4.369334915896123306e+01
4.373111017161298975e+01
4.376915783008476524e+01
4.380745859071677017e+01
4.384596366273112267e+01
4.388463645304442906e+01
4.392343122030241886e+01
4.396230527257445431e+01
4.400122201677712752e+01
4.404013266213257083e+01
4.407899756613375786e+01
4.411778013569728074e+01
4.415642853062163908e+01
4.419491225667067624e+01
4.423318862191374023e+01
4.427123932980913423e+01
4.430902168842621336e+01
4.434652045064689929e+01
4.438368987511692154e+01
4.442051471471820179e+01
4.445695227752009515e+01
4.449297816813366779e+01
4.452856494174636737e+01
4.456367600527477890e+01
4.459828391390635716e+01
4.463236122282854268e+01
4.466587743780515751e+01
4.469879596575280800e+01
4.473109851012978311e+01
4.476274237900544506e+01
4.479370622641447142e+01
4.482395345927345431e+01
4.485346273161707842e+01
4.488219135151469885e+01
4.491012407184823019e+01
4.493721515126341615e+01
4.496344629321854569e+01
4.498878700347746218e+01
4.501319763953313213e+01
4.503665685542023311e+01
4.505913110747897576e+01
4.508058990147319633e+01
4.510100579259033537e+01
4.512034828659422203e+01
4.513858079040144844e+01
4.515568195804669216e+01
4.517161824587016383e+01
4.518635915963569971e+01
4.519987420510712184e+01
4.521213898689548927e+01
4.522311081307016423e+01
4.523277443651306839e+01
4.524108411586993128e+01
4.524802460402267457e+01
4.525355930788789038e+01
4.525764858495855236e+01
4.526028328696380498e+01
4.526141462312578767e+01
4.526102429690278939e+01
4.525906961636416526e+01
4.525553533439182985e+01
4.525038485790238241e+01
4.524358159381241506e+01
4.523511334442746090e+01
4.522496791205303879e+01
4.521314224726555153e+01
4.519964244891221483e+01
4.518447461584027280e+01
4.516762655035525853e+01
4.514910740072801332e+01
4.512891716695854427e+01
4.510705279962323999e+01
4.508352344699294179e+01
4.505831691137318273e+01
4.503144234103482546e+01
4.500290278540146716e+01
4.497268909620227362e+01
4.494081042170808615e+01
4.490726981134253037e+01
4.487205811683475076e+01
4.483517533818474021e+01
4.479663672251059836e+01
4.475643312154146258e+01
4.471455843643010297e+01
4.467102486487099355e+01
4.462583240686412012e+01
4.457897801298587837e+01
4.453045863381264269e+01
4.448028341761527571e+01
4.442844321612291481e+01
4.437494717760641549e+01
4.431978920321854076e+01
4.426297844123014613e+01
4.420451184221761309e+01
4.414438635675733025e+01
4.408260503427290189e+01
4.401916787476434223e+01
4.395407792765525556e+01
4.388733214352203049e+01
4.381893967063552253e+01
4.374888831130125055e+01
4.367718721379008429e+01
4.360383637810200952e+01
4.352883275481341485e+01
4.345218549219514870e+01
4.337388544197636264e+01
4.329393260415705669e+01
4.321233612700807925e+01
4.312909601052943742e+01
4.304420310645026859e+01
4.295766961246504678e+01
4.286948942972654208e+01
4.277966560765836590e+01
4.268820119568413674e+01
4.259511449034555852e+01
4.250042683760795370e+01
4.240415958343664471e+01
4.230633407379693978e+01
4.220697165465416845e+01
4.210609672139727166e+01
4.200372452114432065e+01
4.189987944928427055e+01
4.179458285178243671e+01
4.168785912402775296e+01
4.157972351313830472e+01
4.147020346392664436e+01
4.135931422351087150e+01
4.124708323670352428e+01
4.113352880004631373e+01
4.101866921008094380e+01
4.090253191161997393e+01
4.078513825062871234e+01
4.066650347422525158e+01
4.054665197779853258e+01
4.042560510731386358e+01
4.030338725816019974e+01
4.018001367745561225e+01
4.005551181001266769e+01
3.992989690294944438e+01
3.980319640107849466e+01
3.967542860094152957e+01
3.954661789792747584e+01
3.941677953915443311e+01
3.928593792001132812e+01
3.915411743588710891e+01
3.902133638332346521e+01
3.888761610828573367e+01
3.875297490731560401e+01
3.861744327464924709e+01
3.848103340798114402e+01
3.834377275212384006e+01
3.820567655419542774e+01
3.806677225900845229e+01
3.792707816310462476e+01
3.778661866187287899e+01
3.764540900243130750e+01
3.750347358016883703e+01
3.736083679047441564e+01
3.721751692988974014e+01
3.707353839380375149e+01
3.692891947875814651e+01
3.678367848129463624e+01
3.663784284622577303e+01
3.649143391951687931e+01
3.634448524482773735e+01
3.619703341524176210e+01
3.604911502384235433e+01
3.590076056486568490e+01
3.575201577966601008e+01
3.560291116247951493e+01
3.545348025696597460e+01
3.530376270563241548e+01
3.515379510156225251e+01
3.500361098841526086e+01
3.485324695927486260e+01
3.470274265664806990e+01
3.455212857477105359e+01
3.440144435615084717e+01
3.425072354444723288e+01
3.410000273274361859e+01
3.394932156354703068e+01
3.379871053109363288e+01
3.364821232731407719e+01
3.349785744644452734e+01
3.334768248156839121e+01
3.319772402576907666e+01
3.304801867212998445e+01
3.289860606315815517e+01
3.274951364366611983e+01
3.260078410558453754e+01
3.245245099257319055e+01
3.230455394713909811e+01
3.215712651294205671e+01
3.201019918421823718e+01
3.186381770232189581e+01
3.171800951206558850e+01
3.157281730537995301e+01
3.142827767534840078e+01
3.128441806678348058e+01
3.114128117161583731e+01
3.099890358292887527e+01
3.085731884438238737e+01
3.071656354905977437e+01
3.057667429004444770e+01
3.043768461099619316e+01
3.029963415442203356e+01
3.016255646398176182e+01
3.002649118218240076e+01
2.989146880326012123e+01
2.975752592029832755e+01
2.962470522522766458e+01
2.949303721228429964e+01
2.936255847455164414e+01
2.923329340741863547e+01
2.910523286261441811e+01
2.897834939532643617e+01
2.885261556074214084e+01
2.872801001289620970e+01
2.860451140582331675e+01
2.848208619586367973e+01
2.836071913589921323e+01
2.824037973169373927e+01
2.812104663728194254e+01
2.800269240785126357e+01
2.788529874686000198e+01
2.776883211064837198e+01
2.765327420267466252e+01
2.753859757812632481e+01
2.742478089103803995e+01
2.731179669659724496e+01
2.719962364883862804e+01
2.708823430294962975e+01
2.697760426354131624e+01
2.686770913522474302e+01
2.675852452261097980e+01
2.665002907973470059e+01
2.654219231235973808e+01
2.643499592394438835e+01
2.632841246967609550e+01
2.622241450474230007e+01
2.611698373260130879e+01
2.601208965901694015e+01
2.590771093802387881e+01
2.580382317423318739e+01
2.570040197225592848e+01
2.559741988727954265e+01
2.549485709805052380e+01
2.539268615975631604e+01
2.529088267700797843e+01
2.518942072970476787e+01
2.508827897188136191e+01
2.498743148343701748e+01
2.488685386898279361e+01
2.478652020841794723e+01
2.468640915577715234e+01
2.458649326624786013e+01
2.448674966915294249e+01
2.438715091967983994e+01
2.428767567186323362e+01
2.418830105502599181e+01
2.408899657493195079e+01
2.398974241032759025e+01
2.389051569053578561e+01
