# bin_1_1
2.201813124755309017e-06
2.201609451601147646e-06
2.199678151749426300e-06
2.199319693684915527e-06
2.197331530038619555e-06
2.196811482786808711e-06
2.194754852428074630e-06
2.194065690352860097e-06
2.191928274400780415e-06
2.191061711312074671e-06
2.188830468833205660e-06
2.187777427221071791e-06
2.185438592485398254e-06
2.184189182670534280e-06
2.181728268356119603e-06
2.180271779433859933e-06
2.177673588631659822e-06
2.175998493553145062e-06
2.173247143848526922e-06
2.171341121427551159e-06
2.168420084624905199e-06
2.166270061777207407e-06
2.163162223263425730e-06
2.160754441184836074e-06
2.157442183276278965e-06
2.154762291752252719e-06
2.151227605719251166e-06
2.148260790050811920e-06
2.144485421744322494e-06
2.141216567023723692e-06
2.137182201081037092e-06
2.133596098532964805e-06
2.129284586018470273e-06
2.125366185830808095e-06
2.120759819563659899e-06
2.116494533916941065e-06
2.111576374822823358e-06
2.106950433495081003e-06
2.101704689541264319e-06
2.096705548468591738e-06
2.091118005286534057e-06
2.085734805396107059e-06
2.079793304096186347e-06
2.074017373586274899e-06
2.067712326406474751e-06
2.061537714075070719e-06
2.054862642170771391e-06
2.048286662269060487e-06
2.041238731974953592e-06
2.034262492258085056e-06
2.026843016549150086e-06
2.019471890811203233e-06
2.011686751550941201e-06
2.003930746213119767e-06
1.995790680647416171e-06
1.987664632659001870e-06
1.979185315396179996e-06
1.970708846966111531e-06
1.961910687923790359e-06
1.953107834426485564e-06
1.944015406300314391e-06
1.934913829838020066e-06
1.925554838797858986e-06
1.916184545204992263e-06
1.906588270195574507e-06
1.896979766561556250e-06
1.887174920871177393e-06
1.877356789443871386e-06
1.867368808943458373e-06
1.857364737286494159e-06
1.847212578163256035e-06
1.837037979142527870e-06
1.826730617299863866e-06
1.816389097199327004e-06
1.805922060470123107e-06
1.795402144464670567e-06
1.784754568002713249e-06
1.774027254464295448e-06
1.763160107731690073e-06
1.752177967290414081e-06
1.741034220182422285e-06
1.729732835198121144e-06
1.718240354778808228e-06
1.706542844571146561e-06
1.694620669613851297e-06
1.682445788439642553e-06
1.670014037365941622e-06
1.657287791139226031e-06
1.644280757900034602e-06
1.630950622306596237e-06
1.617331598888969354e-06
1.603381278838635494e-06
1.589156418974123941e-06
1.574617852683000032e-06
1.559845237048768096e-06
1.544803598066786157e-06
1.529593062999318212e-06
1.514180434427480386e-06
1.498680343677985815e-06
1.483055224287157543e-06
1.467424859757736607e-06
1.451738254543486694e-06
1.436109184448197073e-06
1.420463667550482917e-06
1.404899734843795774e-06
1.389314305444760156e-06
1.373785748906792025e-06
1.358183697454967674e-06
1.342572784264552555e-06
1.326808016233233708e-06
1.310957157706995681e-06
1.294882693832568047e-06
1.278678853259880065e-06
1.262239355419080663e-06
1.245703786508683056e-06
1.229009310560821047e-06
1.212341332706154033e-06
1.195668534568210918e-06
1.179195656468989639e-06
1.162885228532785954e-06
1.146915582373166258e-06
1.131197905547513404e-06
1.115847188207720053e-06
1.100705291032029630e-06
1.085831180764242327e-06
1.071034550250158863e-06
1.056381162493619270e-06
1.041727513908652559e-06
1.027222796873288415e-06
1.012824268494570901e-06
9.987750420471297223e-07
9.850894196239239912e-07
9.720086140057671113e-07
9.594777793634481293e-07
9.476157208265353820e-07
9.362280117265679192e-07
9.253254692552831469e-07
9.146842841325307565e-07
9.043858219689750878e-07
8.943612343830289860e-07
8.848711758260232835e-07
8.759706549638199623e-07
8.679170794326203813e-07
8.606199316320081817e-07
8.541029009296385016e-07
8.480725754278904659e-07
8.424978560979505046e-07
8.372312839531192533e-07
8.325147470513508390e-07
8.284334607396882684e-07
8.252459410778938392e-07
8.227960129618088979e-07
8.209854395263931449e-07
8.194527642730364284e-07
8.182253635819008909e-07
8.173246720051307130e-07
8.170897647017765482e-07
8.174729935700463757e-07
8.183758822132996689e-07
8.193489461031043737e-07
8.203528883412052045e-07
8.214364078181909643e-07
8.229491453788123669e-07
8.247276547557693432e-07
8.265082756751925112e-07
8.278846543429183972e-07
8.290869052786811096e-07
8.302992039884950571e-07
8.315644318284650810e-07
8.323340808783805971e-07
8.325227772559540946e-07
8.323380699148842937e-07
8.320990675947936792e-07
8.313345057915104705e-07
8.298387955669793913e-07
8.278412735470255692e-07
8.257561836993722096e-07
8.230980608609371607e-07
8.197754774759402461e-07
8.162026595662425049e-07
8.126115139888168439e-07
8.084328976168572171e-07
8.040678385789558788e-07
7.998935379934927958e-07
7.956008589768012463e-07
7.911517591723428972e-07
7.872686000947272796e-07
7.834140705352333354e-07
7.797699532514759180e-07
7.767610172026139455e-07
7.739443909415274104e-07
7.714927920584506186e-07
7.697143374469949938e-07
7.678904686339511482e-07
7.667571479865741001e-07
7.655834237341919919e-07
7.646632751038966786e-07
7.638051116791265673e-07
7.627654774532399693e-07
7.617385316865413352e-07
7.602882824504703348e-07
7.587165800820512764e-07
7.566636696727435525e-07
7.544160046228763303e-07
7.517788613621815706e-07
7.490079736905088428e-07
7.460535643777678516e-07
7.431394937952679413e-07
7.402937003573942711e-07
7.376831781495265269e-07
7.353342648135537220e-07
7.333192635850239825e-07
7.316027819639820877e-07
7.301459955641725287e-07
7.288418440722941288e-07
7.275752658739387208e-07
7.262201508286808821e-07
7.246692629753969916e-07
7.228645000296861432e-07
7.207916787256090106e-07
7.185151836515255678e-07
7.161288881523124956e-07
7.137794168870989048e-07
7.115806747786513220e-07
7.096375071518726400e-07
7.079562652301066630e-07
7.065017823317595507e-07
7.051400539882942798e-07
7.037457142040932790e-07
7.021737837838377301e-07
7.003825681557204166e-07
6.983794832514870084e-07
6.962953555539066010e-07
6.942604230629006370e-07
6.924255341235818022e-07
6.908185670837682012e-07
6.894037754543854791e-07
6.880190161812220307e-07
6.865311437526444769e-07
6.848309100757767230e-07
6.829722211747547459e-07
6.810698247201673635e-07
6.793074841997305193e-07
6.777466863534221015e-07
6.763561896873160927e-07
6.749562737549226505e-07
6.734193459795964198e-07
6.716965186441332271e-07
6.699308243377838639e-07
6.682715008753564349e-07
6.668129438425025470e-07
6.654379717429493336e-07
6.639928975471379467e-07
6.623743235716418165e-07
6.607035310498002210e-07
6.591334070433324297e-07
6.577357755166854776e-07
6.563518336693019856e-07
6.548470381520105638e-07
6.532303999206499554e-07
6.517045142006743958e-07
6.503245443691063943e-07
6.489632984651188225e-07
6.474445689925532403e-07
6.458769332064531658e-07
6.444353447709842285e-07
6.431165022322212501e-07
6.416933248133748869e-07
6.401708740634802904e-07
6.387235211859005497e-07
6.373886257802146014e-07
6.359568608013615958e-07
6.344742042456714703e-07
6.331031073017276072e-07
6.317740910709498775e-07
6.303048113102572706e-07
6.288776286705249151e-07
6.275435409268852809e-07
6.261352290936226823e-07
6.247064887192167929e-07
6.233975214011811058e-07
6.219897796756258963e-07
6.205746616636125395e-07
6.192376699993739334e-07
6.178266179928302182e-07
6.164487036143871935e-07
6.151237162686651909e-07
6.136910081870424922e-07
6.123680521405170465e-07
6.109543096617616576e-07
6.095828683892870888e-07
6.082192946912081699e-07
6.068266240671950947e-07
6.054757357189187174e-07
6.040714874689882491e-07
6.027107756207583465e-07
6.012973708729743435e-07
5.999283124982292966e-07
5.985293243312218939e-07
5.971488517127120883e-07
5.957441388425646252e-07
5.943496567845355687e-07
5.929345951427467521e-07
5.915249471456826169e-07
5.901077543941661866e-07
5.886926018867123359e-07
5.872614484140661178e-07
5.858322706643430030e-07
5.843874455363147428e-07
5.829370040978957686e-07
5.814802944202279185e-07
5.800215372797243114e-07
5.785483754023509043e-07
5.770706452368643750e-07
5.755801401826269751e-07
5.740809295740420613e-07
5.725705769032628286e-07
5.710549712287418310e-07
5.695284014255762608e-07
5.679889235612177232e-07
5.664408411423602074e-07
5.648784818859728075e-07
5.633039585440946107e-07
5.617191067896086823e-07
5.601243409963909378e-07
5.585138407307531605e-07
5.568931137673633795e-07
5.552570027165111929e-07
5.536082286892169149e-07
5.519448467381116114e-07
5.502704858976397007e-07
5.485809381697902100e-07
5.468768112311454015e-07
5.451586921256054165e-07
5.434252305081060520e-07
5.416759367036838363e-07
5.399132925555654681e-07
5.381356490919834562e-07
5.363417623679207609e-07
5.345326279725222644e-07
5.327073863166890001e-07
5.308654019459522422e-07
5.290078348365072672e-07
5.271341046972798984e-07
5.252442457062359049e-07
5.233365279844559708e-07
5.214131698618547692e-07
5.194713094535706477e-07
5.175129568971115559e-07
5.155368921226544715e-07
5.135446297490544637e-07
5.115331314548304387e-07
5.095053086173372402e-07
5.074581508978329327e-07
5.053938860086073527e-07
5.033106844473234113e-07
5.012106970391547465e-07
4.990913521010982380e-07
4.969543168305647730e-07
4.947980827431564672e-07
4.926238570848495025e-07
4.904301442493149079e-07
4.882187810145667288e-07
4.859880754942264975e-07
4.837390155315322223e-07
4.814706080360436520e-07
4.791836662518786313e-07
4.768770242130755023e-07
4.745521942153304284e-07
4.722079386822908647e-07
4.698452247193142769e-07
4.674627117966705575e-07
4.650618154296030170e-07
4.626410704377053169e-07
4.602019671236402279e-07
4.577433812679687234e-07
4.552666071000371322e-07
4.527700399673927090e-07
4.502552940794488700e-07
4.477208085222753349e-07
4.451681077294384870e-07
4.425961201440772471e-07
4.400062538604663545e-07
4.373970878720245554e-07
4.347700022768329479e-07
4.321237753462696263e-07
4.294597193002784426e-07
4.267768339272679979e-07
4.240765678715098276e-07
4.213578150524161168e-07
4.186216272245543089e-07
4.158671655040684240e-07
4.130955149042988787e-07
4.103059224220621741e-07
4.074997630679220401e-07
4.046761914732605429e-07
4.018361428451937589e-07
3.989787769752646267e-07
3.961052138281263421e-07
3.932147950045389204e-07
3.903088620700509021e-07
3.873868695290119932e-07
3.844498353072553404e-07
3.814968294946196021e-07
3.785289528236080911e-07
3.755454711181825169e-07
3.725478138359659243e-07
3.695357249197720728e-07
3.665103966471403961e-07
3.634709251508203890e-07
3.604182037603787109e-07
3.573515541373543658e-07
3.542722942765098477e-07
3.511803697274738370e-07
3.480772378993280336e-07
3.449622682068442893e-07
3.418361052361197000e-07
3.386981122050406989e-07
3.355493290340202427e-07
3.323898836078653327e-07
3.292214404793569768e-07
3.260437489280854408e-07
3.228574065054703863e-07
3.196617404291286530e-07
3.164575901372169110e-07
3.132450656543242905e-07
3.100258480219256107e-07
3.068001337371210260e-07
3.035686822511679746e-07
3.003308006897496560e-07
2.970872654713312192e-07
2.938378554343922614e-07
2.905842102158848993e-07
2.873269775329781297e-07
2.840672046719627223e-07
2.808041920771984631e-07
2.775386580635660488e-07
2.742703358112581710e-07
2.710005527108156187e-07
2.677300307495867620e-07
2.644602480259940912e-07
2.611907185369439613e-07
2.579219925281803602e-07
2.546539882224621206e-07
2.513875438538027099e-07
2.481232426260217048e-07
2.448629797661216505e-07
2.416066926213728039e-07
2.383547084361095429e-07
2.351070750952138052e-07
2.318644729358462137e-07
2.286272949051895222e-07
2.253972509251727394e-07
2.221749053824019861e-07
2.189606372430695288e-07
2.157542934798227952e-07
2.125568969914330152e-07
2.093683743069154327e-07
2.061901425377224364e-07
2.030232099336624955e-07
1.998683386870607252e-07
1.967251030935669778e-07
1.935946851660451157e-07
1.904768827654081815e-07
1.873729014593293753e-07
1.842835709235278967e-07
1.812101528855641467e-07
1.781522780024192273e-07
1.751107672843963817e-07
1.720859560281999460e-07
1.690785044464368432e-07
1.660889699444620311e-07
1.631188632784234875e-07
1.601682255412350522e-07
1.572374122850264339e-07
1.543270757299210704e-07
1.514375866254641527e-07
1.485694191591908391e-07
1.457238075618614151e-07
1.429012205398014125e-07
1.401019302668513809e-07
1.373263033944705581e-07
1.345751631612406969e-07
1.318485849764231374e-07
1.291474453835063806e-07
1.264723987426065006e-07
1.238239798178771608e-07
1.212020961804620699e-07
1.186078915822740862e-07
1.160411391810865398e-07
1.135026294610360609e-07
1.109927533892128675e-07
1.085122463782553126e-07
1.060609030663957676e-07
1.036395929553650558e-07
1.012484578638217470e-07
9.888796393348835934e-08
9.655817833771372413e-08
9.425985343704740917e-08
9.199296889435158093e-08
8.975793757839909357e-08
8.755529753313387687e-08
8.538523165685684271e-08
8.324786336527808614e-08
8.114369484047069542e-08
7.907288954997820520e-08
7.703580373161590945e-08
7.503295311121293370e-08
7.306485179290726559e-08
7.113162011299792997e-08
6.923359547317316775e-08
6.737101197363627694e-08
6.554434809842915880e-08
6.375381154832917951e-08
6.200014960817914272e-08
6.028311609111800276e-08
5.860273138973161394e-08
5.695845554671915852e-08
5.535012021426162402e-08
5.377712469888743953e-08
5.223928749681538718e-08
5.073553731069264439e-08
4.926480969523013113e-08
4.782528091134388707e-08
4.641547795473435007e-08
4.503372518814400361e-08
4.367868579276353217e-08
4.234869421505936836e-08
4.104195617544497852e-08
3.975620385182774663e-08
3.848935198365826064e-08
3.723965647101878025e-08
3.600615417311811683e-08
3.478796460826539930e-08
3.358447425331717753e-08
3.239487400956549620e-08
3.121860129325650944e-08
3.005539624558364454e-08
2.890606223425610767e-08
2.777157747012127819e-08
2.665318801827037912e-08
2.555185424285823853e-08
2.446843761131287774e-08
2.340347597921717054e-08
2.235844485809185244e-08
2.133504204059743116e-08
2.033492840146026837e-08
1.935926201915324034e-08
1.840879317540933969e-08
1.748356510059229599e-08
1.658406404460496215e-08
1.571134928339971400e-08
1.486673305709389612e-08
1.405090928041562096e-08
1.326450427505395241e-08
1.250704725849371066e-08
1.177779311687792379e-08
1.107650881089840512e-08
1.040367003786843341e-08
9.759161213948194118e-09
9.143170554823298573e-09
8.555071787049277411e-09
7.994018707280302431e-09
7.459336175516228562e-09
6.951389599068726770e-09
6.469900765190697141e-09
6.014030562131760840e-09
5.582549787574340019e-09
5.173865410277769386e-09
4.786378485868848948e-09
4.420142355401086485e-09
4.075785669561948712e-09
3.753306638481810966e-09
3.452312204900092136e-09
3.171068934594474500e-09
2.906799694957480350e-09
2.657594420821180621e-09
2.423212433844743572e-09
2.204099976772714497e-09
2.000743070311323575e-09
1.813452700600046754e-09
1.640622043461415293e-09
1.479760452405228020e-09
1.329549028102492596e-09
1.189986549957933812e-09
1.060420745514027253e-09
9.410432589743497391e-10
8.310060573436767941e-10
7.293623453632375012e-10
6.359314091869674535e-10
5.516183256219182120e-10
4.755477224855393471e-10
4.060207792388759327e-10
3.413290215383216166e-10
2.810186334718015475e-10
2.254848786555368788e-10
1.760424772937507011e-10
1.328346549423112614e-10
9.479279039861783113e-11
6.161770060540709893e-11
3.189941110955566830e-11
3.665477009661564201e-12
-2.342810378717602921e-11
-4.785310929535144191e-11
-6.866890431884589946e-11
-8.490287679190213968e-11
-9.594637394845593602e-11
-1.048773901152611266e-10
-1.160653196045211679e-10
-1.291516450295338901e-10
-1.403741876885582434e-10
-1.479619436534695715e-10
-1.504871740668894424e-10
-1.499537458098822433e-10
-1.505638912405456718e-10
-1.539798884918452703e-10
-1.581628026970315514e-10
-1.606163199804330478e-10
-1.589509698937767829e-10
-1.556192373868583043e-10
-1.523302895282262278e-10
-1.499702684933580208e-10
-1.484631585784723189e-10
-1.470820688775145553e-10
-1.447476457396060918e-10
-1.407039623156394448e-10
-1.369800487893192152e-10
-1.336380127875639663e-10
-1.304807125336098402e-10
-1.261554931767412611e-10
-1.217802619351779148e-10
-1.185079564818988513e-10
-1.149130259036545994e-10
-1.113196194501983891e-10
-1.080542979441804214e-10
-1.031324187165389082e-10
-9.736816165415203221e-11
-9.382475316120076649e-11
-9.109063718094025790e-11
-8.720158934258304126e-11
-8.483128889288418876e-11
-8.205069887109391814e-11
-7.732229957290748950e-11
-7.350218699975198207e-11
-7.044385688049613262e-11
-6.707023753941439903e-11
-6.343330043515910489e-11
-6.111929750541600672e-11
-5.862199839386157376e-11
-5.524951230306211543e-11
-5.279040689208682034e-11
-4.967548279398443874e-11
-4.666322484619407327e-11
-4.462732989873391463e-11
-4.387249583279892531e-11
-4.253857929858957938e-11
-4.135861057240151867e-11
-3.807036370063440620e-11
-3.503158136962063772e-11
-3.219235910551109310e-11
-3.082462109741314632e-11
-3.055027904998671827e-11
-2.988120031021188971e-11
-2.777535484210274711e-11
-2.443114530344219122e-11
-2.192865605389068938e-11
-2.036243485571023101e-11
-2.055849282059410607e-11
-2.111245057326423469e-11
-2.054326775974904920e-11
-1.822510445201578514e-11
-1.571129687544779524e-11
-1.418084449764035033e-11
-1.420065712705474628e-11
-1.502943261134738723e-11
-1.544541718892203195e-11
-1.448030819856552654e-11
-1.239324138470997412e-11
-1.046856115246026479e-11
-1.002299828036976676e-11
-1.059749983413573441e-11
-1.114022156985590035e-11
-1.074737842233515980e-11
-9.433413726246540603e-12
-7.388805939420785250e-12
-6.500471162523478048e-12
-6.960327476683913793e-12
-7.478173289861339440e-12
-7.472066742721667102e-12
-6.969020969591798525e-12
-5.547359274749202199e-12
-4.008584024012848161e-12
-3.986489093003458180e-12
-4.533320025592990684e-12
-4.578324649353718377e-12
-4.651363130055201091e-12
-3.974755621866296343e-12
-2.743873429351661552e-12
-2.347201320582669224e-12
-2.966883535834819590e-12
-3.198945786005473058e-12
-3.217247736953790341e-12
-3.119715557427863610e-12
-2.433914684606784706e-12
-1.613958688938602967e-12
-1.847511482430224688e-12
-2.342792893823191561e-12
-2.174175967790634296e-12
-2.425899141804645787e-12
-1.998870456767031912e-12
-1.317972044794852156e-12
-1.134071027973171282e-12
-1.626216341818789362e-12
-1.616976960883894975e-12
-1.678073831213239463e-12
-1.618926117135328329e-12
-1.304566342265845397e-12
-8.548481653407773174e-13
-1.011437382384043499e-12
-1.260767017274285134e-12
-1.074535145436712153e-12
-1.327710213103586913e-12
-1.093974728582946893e-12
-7.485352962434130393e-13
-6.746250255548089593e-13
-9.959008407099322315e-13
-8.864272387542585582e-13
-9.285591185792982042e-13
-8.523412438388376955e-13
-7.365484409491108466e-13
-5.242338927657430245e-13
-6.458762703560715653e-13
-7.659256994657606662e-13
-6.307243961411960587e-13
-7.787866901528491682e-13
-6.491263121918567169e-13
-4.817480728331158110e-13
-4.588122826765879205e-13
-6.276866524719272858e-13
-5.388126172438749533e-13
-6.204210862789398678e-13
-5.708746749441937255e-13
-5.332356612118486341e-13
-4.146405873041794536e-13
-4.757506963054985335e-13
-5.311406514171406971e-13
-4.553147381658896969e-13
-5.341793034890611035e-13
-4.717721186553164253e-13
-4.003883752913753748e-13
-3.892022957339325781e-13
-4.677584182751116058e-13
-4.020595209521673213e-13
-4.445295310773329206e-13
-3.985091379844906932e-13
-3.917309320784590674e-13
-3.476501429250170102e-13
-3.793259290310974319e-13
-3.873737581705801891e-13
-3.535948534055885449e-13
-3.815446226160125662e-13
-3.523539017930159493e-13
-3.271414678950634967e-13
-3.194684389123174015e-13
-3.479845026939642021e-13
-3.115894255319739776e-13
-3.304038047658745157e-13
-3.111276005094447429e-13
-3.015925890263899721e-13
-2.759099227368923483e-13
-2.890841360769393874e-13
-2.867315042815292987e-13
-2.700226379034886482e-13
-2.748572170794300558e-13
-2.601315463227730393e-13
-2.402935189781620913e-13
-2.339498052730276181e-13
-2.398680439530880859e-13
-2.203126451943127427e-13
-2.247952944193778826e-13
-2.091518765822933357e-13
-2.006287381104041123e-13
-1.866088976632653532e-13
-1.848192140088276860e-13
-1.757806700407919366e-13
-1.658684673236827900e-13
-1.606037014190057807e-13
-1.491901245653744866e-13
-1.387214371263134948e-13
-1.298352143690973607e-13
-1.261430313429678394e-13
-1.119419802102147681e-13
-1.078773211514316323e-13
-9.670838853243847348e-14
-8.886309447740701825e-14
-7.878615028526439389e-14
-7.414825902950432810e-14
-6.476388991544879020e-14
-5.672560568431106566e-14
-5.031507746865232737e-14
-4.354255257148118045e-14
-3.549302197844499489e-14
-2.993581607987966922e-14
-2.490182936970103464e-14
-1.747141108601146270e-14
-1.423750582846131463e-14
-9.500337341232635944e-15
-5.298306916527631181e-15
-1.373657540796614589e-15
5.795158369375989309e-16
3.699466692107517585e-15
5.708531278006236358e-15
6.736871367250653200e-15
7.353990289052621596e-15
7.918152977535734756e-15
7.745248392460015871e-15
6.832154197211512018e-15
6.884597171422371833e-15
4.974993671722941773e-15
3.882522452479428657e-15
1.866959024133387433e-15
3.284859902863973531e-16
-1.677996690103695624e-15
-2.896585235276009087e-15
-4.746454595415749820e-15
-6.029757292711276358e-15
-7.489143314895360996e-15
-8.361254089643305484e-15
-8.906040269075286013e-15
-9.111726253345696496e-15
-8.778818309735683911e-15
-8.439566347606998982e-15
-7.674283993199623585e-15
-6.776579365473944750e-15
-5.493685299561701381e-15
-4.133136824193525926e-15
-2.643423641118462772e-15
-1.316013255533998944e-15
-1.312881082705125479e-16
7.522201851326022820e-16
1.408108900776980777e-15
1.852068649167491800e-15
1.971795738765385145e-15
1.776005968072812194e-15
1.285289662996306797e-15
5.940968425824155593e-16
-2.905794455898873886e-16
-1.038032593374689321e-15
-1.660124612022722194e-15
-2.111665077399848147e-15
-2.348544539314749731e-15
-2.299348995170205777e-15
-2.053888602576102385e-15
-1.566787267535935044e-15
-9.016331096822387928e-16
-2.075105991722345299e-16
3.403799563559666294e-16
7.472280617608955785e-16
8.444255785503712581e-16
6.891901990244761911e-16
3.580278777461999480e-16
-4.042777605491328485e-17
-5.080304948312683749e-16
-8.180354347663118980e-16
-9.776401826463360773e-16
-8.946139025674105739e-16
-6.320571491694232229e-16
-2.054510354502773936e-16
1.793295807556934692e-16
4.180677896214783680e-16
4.602898335843500187e-16
2.808449260848122252e-16
-4.255860879982187802e-17
-3.271368871430505429e-16
-4.765723216613647793e-16
-4.515455325200256548e-16
-2.378396654128192406e-16
3.712508697895939558e-17
2.353766550338136367e-16
2.722539223178421761e-16
1.438608464395463694e-16
-7.207670084091529210e-17
-2.513474516895028066e-16
-2.494757344376749417e-16
-1.090717637704974347e-16
8.840466506507355759e-17
1.952869987800231952e-16
1.524004807228396409e-16
-2.575004927758862015e-17
-1.445364933688008087e-16
-1.360123782533679638e-16
8.310431231565425987e-18
1.312334295819707125e-16
1.359987518000639027e-16
6.986603235461995914e-18
-9.375753978014092147e-17
-6.054301188444221510e-17
6.498247199415118699e-17
1.197347888757608718e-16
5.246288473485329674e-17
-4.604842680196207786e-17
-3.609501466992926484e-17
6.400207408442911384e-17
1.004974065145007274e-16
2.145287822644617058e-17
-3.225405656393783782e-17
2.490804029536891395e-17
8.883277544005653950e-17
4.277356245274179834e-17
-1.190162587911070043e-17
2.699138741501393029e-17
7.874336175974677805e-17
3.261340798861964767e-17
2.389937211297744246e-18
4.921813879892192781e-17
6.463513985431130784e-17
1.152987496020915997e-17
3.234854024856236348e-17
6.336365525094603721e-17
2.757265771800431463e-17
2.621775875582152900e-17
6.214131135295388726e-17
2.797502759385242344e-17
3.469893151218657166e-17
5.525958876740671848e-17
2.822843191059181746e-17
4.328696211113517822e-17
4.813239230245547312e-17
2.882919423064256054e-17
5.342319568432351580e-17
3.284288010189042090e-17
4.549410552200900210e-17
4.184553195516347370e-17
3.889689765117890501e-17
4.627228390172248663e-17
3.728577597359856516e-17
4.663872175446624494e-17
3.825423687623228133e-17
4.562410395402950219e-17
3.967276513505826309e-17
4.462363842583749538e-17
4.078821547504943051e-17
4.396111933655259485e-17
4.153665499321051210e-17
4.358174422865750545e-17
4.202437736327151307e-17
4.337871353354957686e-17
4.235029484504354359e-17
4.327516487035208382e-17
4.257782466553229168e-17
4.322605660923943857e-17
4.274377262115365621e-17
4.320659052594899875e-17
4.286927784064204709e-17
4.320322216527446997e-17
4.296683935779589958e-17
4.320844871530251937e-17
4.304419203416393741e-17
4.321802913253470146e-17
4.310636525289250573e-17
4.322952293352655469e-17
4.315678548868727081e-17
4.324151065560461093e-17
4.319788442752161031e-17
4.325316658311155203e-17
4.323144756319479671e-17
4.326401728511484122e-17
4.325882247223008268e-17
4.327380104692439825e-17
4.328104845396663942e-17
4.328238383975993410e-17
4.329894040709810016e-17
4.328970794080007899e-17
4.331314506081939688e-17
4.329575994266731030e-17
4.332417990016949212e-17
4.330055055292517661e-17
4.333246087983879190e-17
4.330410171509458829e-17
4.333832264775677733e-17
4.330643834316195645e-17
4.334203361102028172e-17
4.330758300456698966e-17
4.334380735466746888e-17
4.330755249287740405e-17
4.334381141411542077e-17
4.330635561662932111e-17
4.334217408434726438e-17
4.330399176623216499e-17
4.333898973916526999e-17
4.330044996503075268e-17
4.333432299803807381e-17
4.329570821575516071e-17
4.332821198674566752e-17
4.328973300919192990e-17
4.332067086794945273e-17
4.328247891199046818e-17
4.331169178085608113e-17
4.327388817070561589e-17
4.330124629074045002e-17
4.326389029540781394e-17
4.328928642619228872e-17
4.325240159408165114e-17
4.327574536851970565e-17
4.323932464039099487e-17
4.326053783869287643e-17
4.322454766562951661e-17
4.324356022569705648e-17
4.320794386495081207e-17
4.322469048258552579e-17
4.318937061681678358e-17
4.320378782299885763e-17
4.316866861551355070e-17
4.318069223799870126e-17
4.314566091842459222e-17
4.315522385553329277e-17
4.312015191363825512e-17
4.312718216369173387e-17
4.309192621455262088e-17
4.309634511681641372e-17
4.306074749480251434e-17
4.306246814639975931e-17
4.302635727490335018e-17
4.302528310108580966e-17
