# bin_1_1
1.690852697807770414e-09
1.714964768610717478e-09
1.742251756505003134e-09
1.772907677053135191e-09
1.807246221803409094e-09
1.845615860367852436e-09
1.888422718767706129e-09
1.936057443100534535e-09
1.988686469380104518e-09
2.046289559294711148e-09
2.108710321117190993e-09
2.175944879906589864e-09
2.248582587719442230e-09
2.324677358144186491e-09
2.402589616371894053e-09
2.481971167977759196e-09
2.562494943105118965e-09
2.637520196373946943e-09
2.703637100130473978e-09
2.758741967486534177e-09
2.800489925936264736e-09
2.829627126968577974e-09
2.842804085516825388e-09
2.830530478577460912e-09
2.787813855161220832e-09
2.719561383526011641e-09
2.623320058389785252e-09
2.496658307970396209e-09
2.338432157441733299e-09
2.156376196019635824e-09
1.952765608698817347e-09
1.731578111250310987e-09
1.504539927931319263e-09
1.276649823444078724e-09
1.059428547604609110e-09
8.592627562420687214e-10
6.843576334264029459e-10
5.377524586593207876e-10
4.206014376579374909e-10
3.303215382741866423e-10
2.614212817097776500e-10
2.075985113564357827e-10
1.634566480224094350e-10
1.259003382310848214e-10
9.423324305462351654e-11
6.918644195468255807e-11
5.078349663794256821e-11
3.749726812280021530e-11
2.745900181984767237e-11
1.982553109187686956e-11
1.423188089277849581e-11
1.017680796371649770e-11
7.236936375900161920e-12
5.117625491810123633e-12
3.603403763696167310e-12
2.526334535485585789e-12
1.764574685038579798e-12
1.228361993369576858e-12
8.528042600878298564e-13
5.908789156100112718e-13
4.088291469860621219e-13
2.826739083519302362e-13
1.954845546058627110e-13
1.353528827150033271e-13
9.394119368456606701e-14
6.544009936343325305e-14
4.581968523905794914e-14
3.229434879645528831e-14
2.294567398566845041e-14
1.645653469639621118e-14
1.192516614802588226e-14
8.735554917216727961e-15
6.467765010085952598e-15
4.836019082525917835e-15
3.646135353370811098e-15
2.766403996718799937e-15
2.107602063808324819e-15
1.609263653360712305e-15
1.230856113042288187e-15
9.430180213294781791e-16
7.235652616382179825e-16
5.559730727570042552e-16
4.279743790851130241e-16
3.300916939814723456e-16
2.550745432651516334e-16
1.977656357705292362e-16
1.538428037773984105e-16
1.202550408042783893e-16
9.467080661317332658e-17
7.519905875987426175e-17
6.045510339329357282e-17
4.940869979298837044e-17
4.117085947076433488e-17
3.515679292670756457e-17
3.084071533519184264e-17
2.783415340048687288e-17
2.581601180381144757e-17
2.453747026555581483e-17
2.379081005887438369e-17
2.340059748986718855e-17
