# d_a
# unit = Mpc
0.000000000000000000e+00
4.308610465477667617e+01
8.522994760968737182e+01
1.264577303100325167e+02
1.667946596569067594e+02
2.062649958584812566e+02
2.448920975600952090e+02
2.826984644307753456e+02
3.197057773706976036e+02
3.559349364920205403e+02
3.914060970144924454e+02
4.261387032070289251e+02
4.601515204971336743e+02
4.934626658614258190e+02
5.260896366026017859e+02
5.580493376108580605e+02
5.893581072010824755e+02
6.200317416108616726e+02
6.500855182386509341e+02
6.795342176961097493e+02
7.083921447437063534e+02
7.366731481741528569e+02
7.643906397040011598e+02
7.915576119298450521e+02
8.181866554019439945e+02
8.442899748647200795e+02
8.698794047104627225e+02
8.949664236896755938e+02
9.195621689187997845e+02
9.436774492235425669e+02
9.673227578536923374e+02
9.905082846031460804e+02
1.013243927366825687e+03
1.035539303164279090e+03
1.057403758657988647e+03
1.078846380192775996e+03
1.099876003381139526e+03
1.120501222257910058e+03
1.140730398026302055e+03
1.160571667416141963e+03
1.180032950673877849e+03
1.199121959202912649e+03
1.217846202871692640e+03
1.236212997006096430e+03
1.254229469081688876e+03
1.271902565130589664e+03
1.289239055876899101e+03
1.306245542613843554e+03
1.322928462835133814e+03
1.339294095632330709e+03
1.355348566869397473e+03
1.371097854145030624e+03
1.386547791552801300e+03
1.401704074248617417e+03
1.416572262834510639e+03
1.431157787567320838e+03
1.445465952400364358e+03
1.459501938865799275e+03
1.473270809804989995e+03
1.486777512953794258e+03
1.500026884389392762e+03
1.513023651844876667e+03
1.525772437897573582e+03
1.538277763036748183e+03
1.550544048616053715e+03
1.562575619695839123e+03
1.574376707780179913e+03
1.585951453453240674e+03
1.597303908919388959e+03
1.608438040451217603e+03
1.619357730749488837e+03
1.630066781218778488e+03
1.640568914162427063e+03
1.650867774900262020e+03
1.660966933812339676e+03
1.670869888311857949e+03
1.680580064750196925e+03
1.690100820256938277e+03
1.699435444517552241e+03
1.708587161491355118e+03
1.717559131072174068e+03
1.726354450694078878e+03
1.734976156884417605e+03
1.743427226766285230e+03
1.751710579512472123e+03
1.759829077752836156e+03
1.767785528936941319e+03
1.775582686653767723e+03
1.783223251910146473e+03
1.790709874369569889e+03
1.798045153552903002e+03
1.805231640002477889e+03
1.812271836410985316e+03
1.819168198716498864e+03
1.825923137164931177e+03
1.832539017341155841e+03
1.839018161169958603e+03
1.845362847887952285e+03
1.851575314987540423e+03
1.857657759133943046e+03
1.863612337056279785e+03
1.869441166413655083e+03
1.875146326637145648e+03
1.880729859748550098e+03
1.886193771156735920e+03
1.891540030432369349e+03
1.896770572061793018e+03
1.901887296180771045e+03
1.906892069288803214e+03
1.911786724944676280e+03
1.916573064443886551e+03
1.921252857478550141e+03
1.925827842780395031e+03
1.930299728747380641e+03
1.934670194054511967e+03
1.938940888249339650e+03
1.943113432332667799e+03
1.947189419324928394e+03
1.951170414818692961e+03
1.955057957517763271e+03
1.958853559763246267e+03
1.962558708047051823e+03
1.966174863513161654e+03
1.969703462447092534e+03
1.973145916753870551e+03
1.976503614424889520e+03
1.979777919993986188e+03
1.982970174983042625e+03
1.986081698337420903e+03
1.989113786851557734e+03
1.992067715584959160e+03
1.994944738268912033e+03
1.997746087704156707e+03
2.000472976149776514e+03
2.003126595703562543e+03
2.005708118674071102e+03
2.008218697944632140e+03
2.010659467329502377e+03
2.013031541922382985e+03
2.015336018437524899e+03
2.017573975543587949e+03
2.019746474190484605e+03
2.021854557929354087e+03
2.023899253225875782e+03
2.025881569767078645e+03
2.027802500761819147e+03
2.029663023235085802e+03
2.031464098316292848e+03
2.033206671521705857e+03
2.034891673031151186e+03
2.036520017959147026e+03
2.038092606620593870e+03
2.039610324791163521e+03
2.041074043962501946e+03
2.042484621592379654e+03
2.043842901349908971e+03
2.045149713355944868e+03
2.046405874418778012e+03
2.047612188265238046e+03
2.048769445767305115e+03
2.049878425164342389e+03
2.050939892281039647e+03
2.051954600741171362e+03
2.052923292177266831e+03
2.053846696436281491e+03
2.054725531781347399e+03
2.055560505089712933e+03
2.056352312046939460e+03
2.057101637337434113e+03
2.057809154831414617e+03
2.058475527768372103e+03
2.059101408937106953e+03
2.059687440852413147e+03
2.060234255928491621e+03
2.060742476649145829e+03
2.061212715734838639e+03
2.061645576306676048e+03
2.062041652047373645e+03
2.062401527359286774e+03
2.062725777519541225e+03
2.063014968832338127e+03
2.063269658778497615e+03
2.063490396162284014e+03
2.063677721255572123e+03
2.063832165939410061e+03
2.063954253843040078e+03
2.064044500480404167e+03
2.064103413384213582e+03
2.064131492237614566e+03
2.064129229003495311e+03
2.064097108051490977e+03
2.064035606282735444e+03
2.063945193252378886e+03
2.063826331289953941e+03
2.063679475617596836e+03
2.063505074466182577e+03
2.063303569189417431e+03
2.063075394375920496e+03
2.062820977959331231e+03
2.062540741326492480e+03
2.062235099423732663e+03
2.061904460861296684e+03
2.061549228015945573e+03
2.061169797131773521e+03
2.060766558419271860e+03
2.060339896152665006e+03
2.059890188765570656e+03
2.059417808944985154e+03
2.058923123723659955e+03
2.058406494570878749e+03
2.057868277481660698e+03
2.057308823064440730e+03
2.056728476627230521e+03
2.056127578262313364e+03
2.055506462929469762e+03
2.054865460537797844e+03
2.054204896026119059e+03
2.053525089442015997e+03
2.052826356019530976e+03
2.052109006255525856e+03
2.051373345984756725e+03
2.050619676453666216e+03
2.049848294392928892e+03
2.049059492088761544e+03
2.048253557453035683e+03
2.047430774092198817e+03
2.046591421375029540e+03
2.045735774499267109e+03
2.044864104557096880e+03
2.043976678599549587e+03
2.043073759699819675e+03
2.042155607015512260e+03
2.041222475849855073e+03
2.040274617711882911e+03
2.039312280375620276e+03
2.038335707938266978e+03
2.037345140877431731e+03
2.036340816107386900e+03
2.035322967034410112e+03
2.034291823611199334e+03
2.033247612390379118e+03
2.032190556577126699e+03
2.031120873925883416e+03
2.030038785348595638e+03
2.028944502221623225e+03
2.027838234869381040e+03
2.026720190519194830e+03
2.025590573348920771e+03
2.024449584533785810e+03
2.023297422292461533e+03
2.022134281932369049e+03
2.020960355894260829e+03
2.019775833796059715e+03
2.018580902475981020e+03
2.017375746034956819e+03
2.016160545878365156e+03
2.014935480757078494e+03
2.013700726807842102e+03
2.012456457593003961e+03
2.011202844139591207e+03
2.009940054977751515e+03
2.008668256178578531e+03
2.007387611391327027e+03
2.006098281880011882e+03
2.004800426559430207e+03
2.003494202030599126e+03
2.002179762615612390e+03
2.000857260391953332e+03
1.999526845226241448e+03
1.998188664807443502e+03
1.996842864679550303e+03
1.995489588273729169e+03
1.994128976939961603e+03
1.992761169978177804e+03
1.991386304668890944e+03
1.990004516303338960e+03
1.988615938213157506e+03
1.987220701799566314e+03
1.985818936562100589e+03
1.984410770126884245e+03
1.982996328274450434e+03
1.981575734967125754e+03
1.980149112375979485e+03
1.978716580907343996e+03
1.977278259228921570e+03
1.975834264295468756e+03
1.974384711374090102e+03
1.972929714069121246e+03
1.971469384346624793e+03
1.970003832558503973e+03
1.968533167466233863e+03
1.967057496264222891e+03
1.965576924602801910e+03
1.964091556610867656e+03
1.962601494918156959e+03
1.961106840677180116e+03
1.959607693584815024e+03
1.958104151903556158e+03
1.956596312482443182e+03
1.955084270777655320e+03
1.953568120872793315e+03
1.952047955498835790e+03
1.950523866053804568e+03
1.948995942622102348e+03
1.947464273993575489e+03
1.945928947682258922e+03
1.944390049944853445e+03
1.942847665798897879e+03
1.941301879040684071e+03
1.939752772262871304e+03
1.938200426871850595e+03
1.936644923104830923e+03
1.935086340046669875e+03
1.933524755646441690e+03
1.931960246733753593e+03
1.930392889034817017e+03
1.928822757188263722e+03
1.927249924760732711e+03
1.925674464262209540e+03
1.924096447161136894e+03
1.922515943899299145e+03
1.920933023906469543e+03
1.919347755614850030e+03
1.917760206473280277e+03
1.916170442961238223e+03
1.914578530602624824e+03
1.912984533979344633e+03
1.911388516744679464e+03
1.909790541636461967e+03
1.908190670490044340e+03
1.906588964251084235e+03
1.904985482988129434e+03
1.903380285905012215e+03
1.901773431353070919e+03
1.900164976843163686e+03
1.898554979057538048e+03
1.896943493861487696e+03
1.895330576314858490e+03
1.893716280683372133e+03
1.892100660449787483e+03
1.890483768324889525e+03
1.888865656258321906e+03
1.887246375449251900e+03
1.885625976356882120e+03
1.884004508710804203e+03
1.882382021521199931e+03
1.880758563088890696e+03
1.879134181015242348e+03
1.877508922211919526e+03
1.875882832910495381e+03
1.874255958671923509e+03
1.872628344395871181e+03
1.871000034329910704e+03
1.869371072078584803e+03
1.867741500612320351e+03
1.866111362276241380e+03
1.864480698798821095e+03
1.862849551300431585e+03
1.861217960301757785e+03
1.859585965732086379e+03
1.857953606937483755e+03
1.856320922688847986e+03
1.854687951189842352e+03
1.853054730084719722e+03
1.851421296466029389e+03
1.849787686882212256e+03
1.848153937345088252e+03
1.846520083337231881e+03
1.844886159819247041e+03
1.843252201236929523e+03
1.841618241528332419e+03
1.839984314130725579e+03
1.838350451987459337e+03
1.836716687554723649e+03
1.835083052808215598e+03
1.833449579249710951e+03
1.831816297913534754e+03
1.830183239372950084e+03
1.828550433746443787e+03
1.826917910703934240e+03
1.825285699472881333e+03
1.823653828844312102e+03
1.822022327178764272e+03
1.820391222412137495e+03
1.818760542061470460e+03
1.817130313230630009e+03
1.815500562615918170e+03
1.813871316511608029e+03
1.812242600815390233e+03
1.810614441033755156e+03
1.808986862287282520e+03
1.807359889315874398e+03
1.805733546483899318e+03
1.804107857785276792e+03
1.802482846848478403e+03
1.800858536941465218e+03
1.799234950976558821e+03
1.797612111515232073e+03
1.795990040772850989e+03
1.794368760623328626e+03
1.792748292603731898e+03
