# d_l
# unit = Mpc
0.000000000000000000e+00
4.395213535833769214e+01
8.867323749311874792e+01
1.341590060859134894e+02
1.804051038849103463e+02
2.274071579339756113e+02
2.751607608185229878e+02
3.236614719267947748e+02
3.729048187251817694e+02
4.228862980461696566e+02
4.736013773875359902e+02
5.250454962213804038e+02
5.772140673116045946e+02
6.301024780384544783e+02
6.837060917287413986e+02
7.380202489903596188e+02
7.930402690497764979e+02
8.487614510911083698e+02
9.051790755954974657e+02
9.622884056794608796e+02
1.020084688430937149e+03
1.078563156241777278e+03
1.137719028135435337e+03
1.197547511088662532e+03
1.258043801346029113e+03
1.319203085726124982e+03
1.381020542918330875e+03
1.443491344769077841e+03
1.506610657556561591e+03
1.570373643252897182e+03
1.634775460772739962e+03
1.699811267207459196e+03
1.765476219043957144e+03
1.831765473367293680e+03
1.898674189046284482e+03
1.966197527901334524e+03
2.034330655853755388e+03
2.103068744055871775e+03
2.172406970001289210e+03
2.242340518614728353e+03
2.312864583320800193e+03
2.383974367091310341e+03
2.455665083470480567e+03
2.527931957577766298e+03
2.600770227087789863e+03
2.674175143187064805e+03
2.748141971507197923e+03
2.822665993034254370e+03
2.897742504994077080e+03
2.973366821713337231e+03
3.049534275456144314e+03
3.126240217236083936e+03
3.203480017603591932e+03
3.281249067408588417e+03
3.359542778538325820e+03
3.438356584630488669e+03
3.517685941761527374e+03
3.597526329110307870e+03
3.677873249597177164e+03
3.758722230498487079e+03
3.840068824036845854e+03
3.921908607947104429e+03
4.004237186018392094e+03
4.087050188612335660e+03
4.170343273157738622e+03
4.254112124621921794e+03
4.338352455959065082e+03
4.423060008535742782e+03
4.508230552534084381e+03
4.593859887332722792e+03
4.679943841866022922e+03
4.766478274961829811e+03
4.853459075658123766e+03
4.940882163498994487e+03
5.028743488810239796e+03
5.117039032955064613e+03
5.205764808570209425e+03
5.294916859782962092e+03
5.384491262409413139e+03
5.474484124134451122e+03
5.564891584673844591e+03
5.655709815918871755e+03
5.746935022063944416e+03
5.838563439717613619e+03
5.930591337997424489e+03
6.023015018609082290e+03
6.115830815910241654e+03
6.209035096959561088e+03
6.302624261551221025e+03
6.396594742235541162e+03
6.490943004325979928e+03
6.585665545893039962e+03
6.680758897745456125e+03
6.776219623399088050e+03
6.872044319033934698e+03
6.968229613439744753e+03
7.064772167950512085e+03
7.161668676368353772e+03
7.258915864877153581e+03
7.356510491946327420e+03
7.454449348225119138e+03
7.552729256427805922e+03
7.651347071210208924e+03
7.750299679037801980e+03
7.849583998045873159e+03
7.949196977892031100e+03
8.049135599601424474e+03
8.149396875404987441e+03
8.249977848571079448e+03
8.350875593230839513e+03
8.452087214197539652e+03
8.553609846780254884e+03
8.655440656592209052e+03
8.757576839353991090e+03
8.860015620692040102e+03
8.962754255932572050e+03
9.065790029891297308e+03
9.169120256659154620e+03
9.272742279384354333e+03
9.376653470050943724e+03
9.480851229254112695e+03
9.585332985972605456e+03
9.690096197338263664e+03
9.795138348403146665e+03
9.900456951904221569e+03
1.000604954802600332e+04
1.011191370416128302e+04
1.021804701467012092e+04
1.032444710063725142e+04
1.043111160962825488e+04
1.053803821544443235e+04
1.064522461787674183e+04
1.075266854245885588e+04
1.086036774021952078e+04
1.096831998743442637e+04
1.107652308537755744e+04
1.118497486007242696e+04
1.129367316204308372e+04
1.140261586606514538e+04
1.151180087091698442e+04
1.162122609913106498e+04
1.173088949674575451e+04
1.184078903305746826e+04
1.195092270037347043e+04
1.206128851376527928e+04
1.217188451082282154e+04
1.228270875140944554e+04
1.239375931741786917e+04
1.250503431252709925e+04
1.261653186196044226e+04
1.272825011224466834e+04
1.284018723097040129e+04
1.295234140655380543e+04
1.306471084799958226e+04
1.317729378466539674e+04
1.329008846602778067e+04
1.340309316144952027e+04
1.351630615994858999e+04
1.362972576996873067e+04
1.374335031915165746e+04
1.385717815411095580e+04
1.397120764020767274e+04
1.408543716132769805e+04
1.419986511966093531e+04
1.431448993548230465e+04
1.442931004693451177e+04
1.454432390981277422e+04
1.465952999735142657e+04
1.477492680001238296e+04
1.489051282527559852e+04
1.500628659743143544e+04
1.512224665737500618e+04
1.523839156240249031e+04
1.535471988600945588e+04
1.547123021769112893e+04
1.558792116274471846e+04
1.570479134207373318e+04
1.582183939199429187e+04
1.593906396404351653e+04
1.605646372478986268e+04
1.617403735564552881e+04
1.629178355268089399e+04
1.640970102644095095e+04
1.652778850176375272e+04
1.664604471760090382e+04
1.676446842684009607e+04
1.688305839612951604e+04
1.700181340570442990e+04
1.712073224921566725e+04
1.723981373356008771e+04
1.735905667871303740e+04
1.747845991756283547e+04
1.759802229574708326e+04
1.771774267149112347e+04
1.783761991544826014e+04
1.795765291054195404e+04
1.807784055180999712e+04
1.819818174625055326e+04
1.831867541267004708e+04
1.843932048153297728e+04
1.856011589481359260e+04
1.868106060584943407e+04
1.880215357919663074e+04
1.892339379048709816e+04
1.904478022628754479e+04
1.916631188396016660e+04
1.928798777152529874e+04
1.940980690752559167e+04
1.953176832089212985e+04
1.965387105081220579e+04
1.977611414659876027e+04
1.989849666756157603e+04
2.002101768288011226e+04
2.014367627147805615e+04
2.026647152189940243e+04
2.038940253218629732e+04
2.051246840975841405e+04
2.063566827129387457e+04
2.075900124261190649e+04
2.088246645855685347e+04
2.100606306288391352e+04
2.112979020814622345e+04
2.125364705558364585e+04
2.137763277501284028e+04
2.150174654471898975e+04
2.162598755134885141e+04
2.175035498980526245e+04
2.187484806314321395e+04
2.199946598246706708e+04
2.212420796682938453e+04
2.224907324313103527e+04
2.237406104602265259e+04
2.249917061780744189e+04
2.262440120834530171e+04
2.274975207495826908e+04
2.287522248233720165e+04
2.300081170244985333e+04
2.312651901444998293e+04
2.325234370458791454e+04
2.337828506612226556e+04
2.350434239923278074e+04
2.363051501093448678e+04
2.375680218978670018e+04
2.388320330574769469e+04
2.400971766148980169e+04
2.413634459053280807e+04
2.426308343281959242e+04
2.438993353463702078e+04
2.451689424853795936e+04
2.464396493326441487e+04
2.477114495367152267e+04
2.489843368065288087e+04
2.502583049106669932e+04
2.515333476766294916e+04
2.528094589901166546e+04
2.540866327943209399e+04
2.553648630892291112e+04
2.566441439309326597e+04
2.579244694309497572e+04
2.592058337555546314e+04
2.604882311251166175e+04
2.617716558134484876e+04
2.630561021471650747e+04
2.643415645050472813e+04
2.656280373174182751e+04
2.669155150655265606e+04
2.682039922809369818e+04
2.694934635449318012e+04
2.707839234879185460e+04
2.720753667888463315e+04
2.733677881746304411e+04
2.746611824195843656e+04
2.759555443448596634e+04
2.772508688178938974e+04
2.785471507518658473e+04
2.798443851051570527e+04
2.811425668808233240e+04
2.824416911260705820e+04
2.837417529317391381e+04
2.850427474317957603e+04
2.863446698028306128e+04
2.876475152635629638e+04
2.889512790743524238e+04
2.902559565367173855e+04
2.915615429928598314e+04
2.928680338251958528e+04
2.941754244558938808e+04
2.954837103464182292e+04
2.967928869970782762e+04
2.981029499465853951e+04
2.994138947716141411e+04
3.007257170863706779e+04
3.020384125421649514e+04
3.033519768269919223e+04
3.046664056651149804e+04
3.059816948166570728e+04
3.072978400771963425e+04
3.086148372773676238e+04
3.099326822824689225e+04
3.112513709920735710e+04
3.125708993396469305e+04
3.138912632921682598e+04
3.152124588497589502e+04
3.165344820453129068e+04
3.178573289441354063e+04
3.191809956435825006e+04
3.205054782727099155e+04
3.218307729919216945e+04
3.231568759926284474e+04
3.244837834969053438e+04
3.258114917571580372e+04
3.271399970557910638e+04
3.284692957048819517e+04
3.297993840458578779e+04
3.311302584491785092e+04
3.324619153140213893e+04
3.337943510679721658e+04
3.351275621667190717e+04
3.364615450937502465e+04
3.377962963600562944e+04
3.391318125038364087e+04
3.404680900902065332e+04
3.418051257109150174e+04
3.431429159840576176e+04
3.444814575537995552e+04
3.458207470900991029e+04
3.471607812884354644e+04
3.485015568695405818e+04
3.498430705791335640e+04
3.511853191876582423e+04
3.525282994900254562e+04
3.538720083053580311e+04
3.552164424767370656e+04
3.565615988709559315e+04
3.579074743782709265e+04
3.592540659121625504e+04
3.606013704090932879e+04
3.619493848282722320e+04
3.632981061514207977e+04
3.646475313825436024e+04
3.659976575476986909e+04
3.673484816947747458e+04
3.687000008932676428e+04
3.700522122340617352e+04
3.714051128292130306e+04
3.727586998117356416e+04
3.741129703353897639e+04
3.754679215744746762e+04
3.768235507236211561e+04
3.781798549975887727e+04
3.795368316310644877e+04
3.808944778784645314e+04
3.822527910137380240e+04
3.836117683301741636e+04
3.849714071402090485e+04
3.863317047752389044e+04
3.876926585854317091e+04
3.890542659395438386e+04
3.904165242247379501e+04
3.917794308464016649e+04
3.931429832279714901e+04
3.945071788107565226e+04
3.958720150537646987e+04
3.972374894335313002e+04
3.986035994439503702e+04
3.999703425961064204e+04
4.013377164181099943e+04
4.027057184549335216e+04
4.040743462682507379e+04
4.054435974362761772e+04
4.068134695536086656e+04
4.081839602310742339e+04
4.095550670955742680e+04
4.109267877899308223e+04
4.122991199727386993e+04
4.136720613182160014e+04
4.150456095160570112e+04
4.164197622712879092e+04
4.177945173041224189e+04
4.191698723498213803e+04
4.205458251585518155e+04
4.219223734952489758e+04
4.232995151394793356e+04
4.246772478853051871e+04
4.260555695411517809e+04
4.274344779296748311e+04
4.288139708876292570e+04
4.301940462657415628e+04
4.315747019285802526e+04
4.329559357544326485e+04
4.343377456351766159e+04
4.357201294761603640e+04
4.371030851960786094e+04
4.384866107268536871e+04
4.398707040135151328e+04
4.412553630140825408e+04
4.426405856994490750e+04
4.440263700532660732e+04
4.454127140718301962e+04
4.467996157639694866e+04
4.481870731509329926e+04
