# d_m
# unit = Mpc
0.000000000000000000e+00
4.351696570132444464e+01
8.693454656188112040e+01
1.302514622193334901e+02
1.734664460431830264e+02
2.165782456514053251e+02
2.595856234137009437e+02
3.024873569409296579e+02
3.452822395603534460e+02
3.879690807763024054e+02
4.305467067159417525e+02
4.730139605598021717e+02
5.153697029567897516e+02
5.576128124234111283e+02
5.997421857269661132e+02
6.417567382524866844e+02
6.836554043532556761e+02
7.254371376847080910e+02
7.671009115216080545e+02
8.086457190583705597e+02
8.500705736924476241e+02
8.913745092907249727e+02
9.325565804388813831e+02
9.736158626737094437e+02
1.014551452698410571e+03
1.055362468580899986e+03
1.096048049935183144e+03
1.136607358085888109e+03
1.177039576216063779e+03
1.217343909498369840e+03
1.257519585209799970e+03
1.297565852830121457e+03
1.337481984124209930e+03
1.377267273208491360e+03
1.416921036601704827e+03
1.456442613260247754e+03
1.495831364598349637e+03
1.535086674493336886e+03
1.574207949276296631e+03
1.613194617708437363e+03
1.652046130943428807e+03
1.690761962476106646e+03
1.729341608077803357e+03
1.767784585718717835e+03
1.806090435477631900e+03
1.844258719439354991e+03
1.882289021580272674e+03
1.920180947642350020e+03
1.957934124995997990e+03
1.995548202492172777e+03
2.033022850304096210e+03
2.070357759758996053e+03
2.107552643160257958e+03
2.144607233600384461e+03
2.181521284765146447e+03
2.218294570729347470e+03
2.254926885744568608e+03
2.291418044019304489e+03
2.327767879491884287e+03
2.363976245596532863e+03
2.400043015023028602e+03
2.435968079470251269e+03
2.471751349394069166e+03
2.507392753749899384e+03
2.542892239730328129e+03
2.578249772498134462e+03
2.613465334915098992e+03
2.648538927266911742e+03
2.683470566984573907e+03
2.718260288362557731e+03
2.752908142274131023e+03
2.787414195884110995e+03
2.821778532359374367e+03
2.856001250577453447e+03
2.890082464833471022e+03
2.924022304545751467e+03
2.957820913960346388e+03
2.991478451854780815e+03
3.024995091241243244e+03
3.058371019069525573e+03
3.091606435929913459e+03
3.124701555756282687e+03
3.157656605529639819e+03
3.190471824982302223e+03
3.223147466302948487e+03
3.255683793842747036e+03
3.288081083822710752e+03
3.320339624042545893e+03
3.352459713591075342e+03
3.384441662558487224e+03
3.416285791750515727e+03
3.447992432404732881e+03
3.479561925909091769e+03
3.510994623522843085e+03
3.542290886099966428e+03
3.573451083815253696e+03
3.604475595893118680e+03
3.635364810339266114e+03
3.666119123675330229e+03
3.696738940676546463e+03
3.727224674112559569e+03
3.757576744491446334e+03
3.787795579807034301e+03
3.817881615289556976e+03
3.847835293159741468e+03
3.877657062386356756e+03
3.907347378447293522e+03
3.936906703094196473e+03
3.966335504120710993e+03
3.995634255134373234e+03
4.024803435332161825e+03
4.053843529279741233e+03
4.082755026694437674e+03
4.111538422231920777e+03
4.140194215276655086e+03
4.168722909736080510e+03
4.197125013838563063e+03
4.225401039935094559e+03
4.253551504304749869e+03
4.281576926963901315e+03
4.309477831479141969e+03
4.337254744783984279e+03
4.364908196999218490e+03
4.392438721257016368e+03
4.419846853528670181e+03
4.447133132456001476e+03
4.474298099186408763e+03
4.501342297211506775e+03
4.528266272209320050e+03
4.555070571890067185e+03
4.581755745845405727e+03
4.608322345401186794e+03
4.634770923473643961e+03
4.661102034428979096e+03
4.687316233946336069e+03
4.713414078884066839e+03
4.739396127149332642e+03
4.765262937570921167e+03
4.791015069775271513e+03
4.816653084065684197e+03
4.842177541304610713e+03
4.867589002799068112e+03
4.892888030189036726e+03
4.918075185338877418e+03
4.943151030231671939e+03
4.968116126866457307e+03
4.992971037158311447e+03
5.017716322841242800e+03
5.042352545373830253e+03
5.066880265847566989e+03
5.091300044897867338e+03
5.115612442617690249e+03
5.139818018473732081e+03
5.163917331225130511e+03
5.187910938844644079e+03
5.211799398442267375e+03
5.235583266191219082e+03
5.259263097256260153e+03
5.282839445724313919e+03
5.306312864537319911e+03
5.329683905427290483e+03
5.352953118853513843e+03
5.376121053941868922e+03
5.399188258426211178e+03
5.422155278591782917e+03
5.445022659220570858e+03
5.467790943538636384e+03
5.490460673165328444e+03
5.513032388064322731e+03
5.535506626496505305e+03
5.557883924974605179e+03
5.580164818219559493e+03
5.602349839118563068e+03
5.624439518684782342e+03
5.646434386018660007e+03
5.668334968270806712e+03
5.690141790606425275e+03
5.711855376171224634e+03
5.733476246058818106e+03
5.755004919279520436e+03
5.776441912730546392e+03
5.797787741167578133e+03
5.819042917177641357e+03
5.840207951153269278e+03
5.861283351267924445e+03
5.882269623452664746e+03
5.903167271373956282e+03
5.923976796412693147e+03
5.944698697644329513e+03
5.965333471820100385e+03
5.985881613349323743e+03
6.006343614282760427e+03
6.026719964296946273e+03
6.047011150679564707e+03
6.067217658315734298e+03
6.087339969675238535e+03
6.107378564800675122e+03
6.127333921296482913e+03
6.147206514318807422e+03
6.166996816566213056e+03
6.186705298271197535e+03
6.206332427192503019e+03
6.225878668608155749e+03
6.245344485309273296e+03
6.264730337594586672e+03
6.284036683265628199e+03
6.303263977622646053e+03
6.322412673461104532e+03
6.341483221068872808e+03
6.360476068224014853e+03
6.379391660193148709e+03
6.398230439730410581e+03
6.416992847076959151e+03
6.435679319961040164e+03
6.454290293598535754e+03
6.472826200694063118e+03
6.491287471442536116e+03
6.509674533531190718e+03
6.527987812142108851e+03
6.546227729955126961e+03
6.564394707151222065e+03
6.582489161416268871e+03
6.600511507945231642e+03
6.618462159446699843e+03
6.636341526147835793e+03
6.654150015799646098e+03
6.671888033682595960e+03
6.689555982612603657e+03
6.707154262947276948e+03
6.724683272592517824e+03
6.742143407009404655e+03
6.759535059221345364e+03
6.776858619821518914e+03
6.794114476980570544e+03
6.811303016454571662e+03
6.828424621593194388e+03
6.845479673348170763e+03
6.862468550281893840e+03
6.879391628576306175e+03
6.896249282041965671e+03
6.913041882127288773e+03
6.929769797928001935e+03
6.946433388826520968e+03
6.963033033745683497e+03
6.979569087642384147e+03
6.996041910299364645e+03
7.012451859196414262e+03
7.028799289520755337e+03
7.045084554177574319e+03
7.061308003800691040e+03
7.077469986763291672e+03
7.093570849188855391e+03
7.109610934962130159e+03
7.125590585740212191e+03
7.141510140963747290e+03
7.157369937868195848e+03
7.173170311495199712e+03
7.188911594703996343e+03
7.204594118182953935e+03
7.220218210461132003e+03
7.235784197919905637e+03
7.251292404804667967e+03
7.266743153236604485e+03
7.282136763224442802e+03
7.297473552676326108e+03
7.312753837411686618e+03
7.327977931173141769e+03
7.343146145638468624e+03
7.358258790432569185e+03
7.373316173139466628e+03
7.388318599314336097e+03
7.403266372495535506e+03
7.418159794216657247e+03
7.432999164018603551e+03
7.447784779461652761e+03
7.462516936137521043e+03
7.477195927681471403e+03
7.491822045784365400e+03
7.506395580204739417e+03
7.520916818780890935e+03
7.535386047442911149e+03
7.549803550224749415e+03
7.564169609276241317e+03
7.578484504875127641e+03
7.592748515439058792e+03
7.606961917537554655e+03
7.621124985903987181e+03
7.635237993447499321e+03
7.649301211264903941e+03
7.663314908652580925e+03
7.677279353118311519e+03
7.691194810393111766e+03
7.705061544442983177e+03
7.718879817480709789e+03
7.732649889977537896e+03
7.746372020674862142e+03
7.760046466595867059e+03
7.773673483057118574e+03
7.787253323680123685e+03
7.800786240402845579e+03
7.814272483491173261e+03
7.827712301550331176e+03
7.841105941536293358e+03
7.854453648767071172e+03
7.867755666934044712e+03
7.881012238113148669e+03
7.894223602776105508e+03
7.907389999801514932e+03
7.920511666485991555e+03
7.933588838555143411e+03
7.946621750174586850e+03
7.959610633960854102e+03
7.972555720992279930e+03
7.985457240819803701e+03
7.998315421477740529e+03
8.011130489494491485e+03
8.023902669903177411e+03
8.036632186252255451e+03
8.049319260616035535e+03
8.061964113605162311e+03
8.074566964377057047e+03
8.087128030646236766e+03
8.099647528694667926e+03
8.112125673381976412e+03
8.124562678155650246e+03
8.136958755061155898e+03
8.149314114752007299e+03
8.161628966499780290e+03
8.173903518204056127e+03
8.186137976402290406e+03
8.198332546279661983e+03
8.210487431678839130e+03
8.222602835109653824e+03
8.234678957758796969e+03
8.246715999499330792e+03
8.258714158900289476e+03
8.270673633236085152e+03
8.282594618495932082e+03
8.294477309393168980e+03
8.306321899374568602e+03
8.318128580629514545e+03
8.329897544099199877e+03
8.341628979485692980e+03
8.353323075260987025e+03
8.364980018675969404e+03
8.376599995769340239e+03
8.388183191376452669e+03
8.399729789138134947e+03
8.411239971509399766e+03
8.422713919768124470e+03
8.434151814023654879e+03
8.445553833225378185e+03
8.456920155171195802e+03
8.468250956515987127e+03
8.479546412779935054e+03
8.490806698356898778e+03
8.502031986522624720e+03
8.513222449442971993e+03
8.524378258182050558e+03
8.535499582710275718e+03
8.546586591912424410e+03
8.557639453595587838e+03
8.568658334497071337e+03
8.579643400292252409e+03
8.590594815602376912e+03
8.601512744002287945e+03
8.612397348028111082e+03
8.623248789184872294e+03
8.634067227954075861e+03
8.644852823801198610e+03
8.655605735183162324e+03
8.666326119555717014e+03
8.677014133380809653e+03
8.687669932133843758e+03
8.698293670310942616e+03
8.708885501436127015e+03
8.719445578068425675e+03
8.729974051808971126e+03
8.740471073308000996e+03
8.750936792271844752e+03
8.761371357469830400e+03
8.771774916741142079e+03
8.782147617001644903e+03
8.792489604250624325e+03
8.802801023577516389e+03
8.813082019168554325e+03
8.823332734313360561e+03
8.833553311411531467e+03
8.843743891979103864e+03
8.853904616655063364e+03
8.864035625207685371e+03
8.874137056540943377e+03
8.884209048700784479e+03
8.894251738881413985e+03
8.904265263431481799e+03
8.914249757860252430e+03
8.924205356843731352e+03
8.934132194230704044e+03
8.944030403048798689e+03
8.953900115510410615e+03
8.963741463018659488e+03
