# h
# unit = 1.0/Mpc
2.295355934518519814e-04
2.300570037009600942e-04
2.305876313426231256e-04
2.311275157081821568e-04
2.316766946583376024e-04
2.322352045851228922e-04
2.328030804146706773e-04
2.333803556107639176e-04
2.339670621791642337e-04
2.345632306727068713e-04
2.351688901971530883e-04
2.357840684177871194e-04
2.364087915667459241e-04
2.370430844510686022e-04
2.376869704614504588e-04
2.383404715816867306e-04
2.390036083987909297e-04
2.396764001137696991e-04
2.403588645530380520e-04
2.410510181804559403e-04
2.417528761099682090e-04
2.424644521188285017e-04
2.431857586613868426e-04
2.439168068834212983e-04
2.446576066369926593e-04
2.454081664958013232e-04
2.461684937710244530e-04
2.469385945276124025e-04
2.477184736010221307e-04
2.485081346143655392e-04
2.493075799959504541e-04
2.501168109971915374e-04
2.509358277108697153e-04
2.517646290897166501e-04
2.526032129653024098e-04
2.534515760672036199e-04
2.543097140424300899e-04
2.551776214750889338e-04
2.560552919062611941e-04
2.569427178540731891e-04
2.578398908339384586e-04
2.587468013789502520e-04
2.596634390604034693e-04
2.605897925084255107e-04
2.615258494326965725e-04
2.624715966432385737e-04
2.634270200712547139e-04
2.643921047899993357e-04
2.653668350356617176e-04
2.663511942282434722e-04
2.673451649924141497e-04
2.683487291783273783e-04
2.693618678823808958e-04
2.703845614679051333e-04
2.714167895857645197e-04
2.724585311948579561e-04
2.735097645825021418e-04
2.745704673846864770e-04
2.756406166061846331e-04
2.767201886405116790e-04
2.778091592897138072e-04
2.789075037839795984e-04
2.800151968010630710e-04
2.811322124855055544e-04
2.822585244676510782e-04
2.833941058824412875e-04
2.845389293879849527e-04
2.856929671838925877e-04
2.868561910293686399e-04
2.880285722610551264e-04
2.892100818106188033e-04
2.904006902220776921e-04
2.916003676688602958e-04
2.928090839705928977e-04
2.940268086096109847e-04
2.952535107471895371e-04
2.964891592394903953e-04
2.977337226532215009e-04
2.989871692810074674e-04
3.002494671564674721e-04
3.015205840689994367e-04
3.028004875782689255e-04
3.040891450284012977e-04
3.053865235618766260e-04
3.066925901331269463e-04
3.080073115218357328e-04
3.093306543459389455e-04
3.106625850743306326e-04
3.120030700392697814e-04
3.133520754484944346e-04
3.147095673970399274e-04
3.160755118787655286e-04
3.174498747975905704e-04
3.188326219784422331e-04
3.202237191779160183e-04
3.216231320946540020e-04
3.230308263794404383e-04
3.244467676450194806e-04
3.258709214756378412e-04
3.273032534363147744e-04
3.287437290818422553e-04
3.301923139655211017e-04
3.316489736476332007e-04
3.331136737036561289e-04
3.345863797322226065e-04
3.360670573628283067e-04
3.375556722632939858e-04
3.390521901469822040e-04
3.405565767797762264e-04
3.420687979868235434e-04
3.435888196590479687e-04
3.451166077594346507e-04
3.466521283290928770e-04
3.481953474930999781e-04
3.497462314661312099e-04
3.513047465578793011e-04
3.528708591782681102e-04
3.544445358424652714e-04
3.560257431756976248e-04
3.576144479178728990e-04
3.592106169280130678e-04
3.608142171885033930e-04
3.624252158091613809e-04
3.640435800311285800e-04
3.656692772305912922e-04
3.673022749223331775e-04
3.689425407631242537e-04
3.705900425549498128e-04
3.722447482480839174e-04
3.739066259440112713e-04
3.755756438982013677e-04
3.772517705227380587e-04
3.789349743888095344e-04
3.806252242290624507e-04
3.823224889398228635e-04
3.840267375831878170e-04
3.857379393889932254e-04
3.874560637566577749e-04
3.891810802569113052e-04
3.909129586334059332e-04
3.926516688042173487e-04
3.943971808632370916e-04
3.961494650814608560e-04
3.979084919081747693e-04
3.996742319720433898e-04
4.014466560821016426e-04
4.032257352286558461e-04
4.050114405840938821e-04
4.068037435036104188e-04
4.086026155258464269e-04
4.104080283734496586e-04
4.122199539535567918e-04
4.140383643581988134e-04
4.158632318646351706e-04
4.176945289356157141e-04
4.195322282195771009e-04
4.213763025507719236e-04
4.232267249493345206e-04
4.250834686212878071e-04
4.269465069584902576e-04
4.288158135385266179e-04
4.306913621245445165e-04
4.325731266650392499e-04
4.344610812935881532e-04
4.363552003285370491e-04
4.382554582726398587e-04
4.401618298126548450e-04
4.420742898188977045e-04
4.439928133447540014e-04
4.459173756261527338e-04
4.478479520810026019e-04
4.497845183085916318e-04
4.517270500889543263e-04
4.536755233822052061e-04
4.556299143278400412e-04
4.575901992440104113e-04
4.595563546267672039e-04
4.615283571492785251e-04
4.635061836610213180e-04
4.654898111869494007e-04
4.674792169266386811e-04
4.694743782534086278e-04
4.714752727134253097e-04
4.734818780247834562e-04
4.754941720765703574e-04
4.775121329279133917e-04
4.795357388070083647e-04
4.815649681101359203e-04
4.835997994006609310e-04
4.856402114080199070e-04
4.876861830266940941e-04
4.897376933151732477e-04
4.917947214949056371e-04
4.938572469492402434e-04
4.959252492223587125e-04
4.979987080181978200e-04
5.000776031993661372e-04
5.021619147860515884e-04
5.042516229549234797e-04
5.063467080380287810e-04
5.084471505216817946e-04
5.105529310453520890e-04
5.126640304005448436e-04
5.147804295296809756e-04
5.169021095249715222e-04
5.190290516272920212e-04
5.211612372250529895e-04
5.232986478530710518e-04
5.254412651914368163e-04
5.275890710643834020e-04
5.297420474391558321e-04
5.319001764248781515e-04
5.340634402714240130e-04
5.362318213682859634e-04
5.384053022434487400e-04
5.405838655622607252e-04
5.427674941263116882e-04
5.449561708723096604e-04
5.471498788709617134e-04
5.493486013258582065e-04
5.515523215723595277e-04
5.537610230764866302e-04
5.559746894338152539e-04
5.581933043683748102e-04
5.604168517315507355e-04
5.626453155009909649e-04
5.648786797795184774e-04
5.671169287940473107e-04
5.693600468945047557e-04
5.716080185527578879e-04
5.738608283615454116e-04
5.761184610334164425e-04
5.783809013996726520e-04
5.806481344093193013e-04
5.829201451280186614e-04
5.851969187370526480e-04
5.874784405322896856e-04
5.897646959231593773e-04
5.920556704316317287e-04
5.943513496912050447e-04
5.966517194458982728e-04
5.989567655492522352e-04
6.012664739633350906e-04
6.035808307577574449e-04
6.058998221086916904e-04
6.082234342979004520e-04
6.105516537117711053e-04
6.128844668403562578e-04
6.152218602764237708e-04
6.175638207145118770e-04
6.199103349499922137e-04
6.222613898781406607e-04
6.246169724932145763e-04
6.269770698875365379e-04
6.293416692505881659e-04
6.317107578681078507e-04
6.340843231211983457e-04
6.364623524854407573e-04
6.388448335300148237e-04
6.412317539168288418e-04
6.436231013996551254e-04
6.460188638232727256e-04
6.484190291226190435e-04
6.508235853219468620e-04
6.532325205339900532e-04
6.556458229591361148e-04
6.580634808846059711e-04
6.604854826836404963e-04
6.629118168146959280e-04
6.653424718206439430e-04
6.677774363279821409e-04
6.702166990460476726e-04
6.726602487662425777e-04
6.751080743612624833e-04
6.775601647843345178e-04
6.800165090684607552e-04
6.824770963256708740e-04
6.849419157462788288e-04
6.874109565981502542e-04
6.898842082259726890e-04
6.923616600505347980e-04
6.948433015680138347e-04
6.973291223492664647e-04
6.998191120391302139e-04
7.023132603557271942e-04
7.048115570897798632e-04
7.073139921039278688e-04
7.098205553320560603e-04
7.123312367786260781e-04
7.148460265180161827e-04
7.173649146938661800e-04
7.198878915184302608e-04
7.224149472719352616e-04
7.249460723019443466e-04
7.274812570227297964e-04
7.300204919146491582e-04
7.325637675235279010e-04
7.351110744600515036e-04
7.376624033991588435e-04
7.402177450794437171e-04
7.427770903025650339e-04
7.453404299326571187e-04
7.479077548957523743e-04
7.504790561792041605e-04
7.530543248311192140e-04
7.556335519597939723e-04
7.582167287331578352e-04
7.608038463782202223e-04
7.633948961805258693e-04
7.659898694836127274e-04
7.685887576884777765e-04
7.711915522530472843e-04
7.737982446916519437e-04
7.764088265745078656e-04
7.790232895272039678e-04
7.816416252301922919e-04
7.842638254182853668e-04
7.868898818801579095e-04
7.895197864578553564e-04
7.921535310463031533e-04
7.947911075928267791e-04
7.974325080966703600e-04
8.000777246085282943e-04
8.027267492300719978e-04
8.053795741134912867e-04
8.080361914610317484e-04
8.106965935245442553e-04
8.133607726050333950e-04
8.160287210522134890e-04
8.187004312640700334e-04
8.213758956864218976e-04
8.240551068124924144e-04
8.267380571824819871e-04
8.294247393831460100e-04
8.321151460473777753e-04
8.348092698537932241e-04
8.375071035263249126e-04
8.402086398338143520e-04
8.429138715896117209e-04
8.456227916511811077e-04
8.483353929197051018e-04
8.510516683396989260e-04
8.537716108986247859e-04
8.564952136265114235e-04
8.592224695955776818e-04
8.619533719198604069e-04
8.646879137548440846e-04
8.674260882970977410e-04
8.701678887839118430e-04
8.729133084929433309e-04
8.756623407418584817e-04
8.784149788879857482e-04
8.811712163279668622e-04
8.839310464974152026e-04
8.866944628705769821e-04
8.894614589599922176e-04
8.922320283161658911e-04
8.950061645272358590e-04
8.977838612186498680e-04
9.005651120528401863e-04
9.033499107289078836e-04
9.061382509823034254e-04
9.089301265845173500e-04
9.117255313427683437e-04
9.145244590996987966e-04
9.173269037330712260e-04
9.201328591554678443e-04
9.229423193139947882e-04
9.257552781899869992e-04
9.285717297987180910e-04
9.313916681891124937e-04
9.342150874434598752e-04
9.370419816771345493e-04
9.398723450383139090e-04
9.427061717077047731e-04
9.455434558982677828e-04
9.483841918549484103e-04
9.512283738544073186e-04
9.540759962047561408e-04
9.569270532452947781e-04
9.597815393462502155e-04
9.626394489085219512e-04
9.655007763634241734e-04
9.683655161724360680e-04
9.712336628269506097e-04
9.741052108480289899e-04
9.769801547861545025e-04
9.798584892209917432e-04
9.827402087611456991e-04
9.856253080439256100e-04
9.885137817351092628e-04
9.914056245287111886e-04
9.943008311467517284e-04
9.971993963390293498e-04
1.000101314882896218e-03
1.003006581583032464e-03
1.005915191271226309e-03
1.008827138806156574e-03
1.011742419073172585e-03
1.014661026984082538e-03
1.017582957476939479e-03
