# mu
-inf
3.321489989782426022e+01
3.473896282504215094e+01
3.563809916074349360e+01
3.628124410055559679e+01
3.678402065273269272e+01
3.719793250800959328e+01
3.755045502426870740e+01
3.785798997704031166e+01
3.813111806892032973e+01
3.837706478393471343e+01
3.860098468752312328e+01
3.880668453380997107e+01
3.899705593796065273e+01
3.917434724711165472e+01
3.934034138841152384e+01
3.949647620255323233e+01
3.964392823312692826e+01
3.978367253055372998e+01
3.991652626571709561e+01
4.004318114406179774e+01
4.016422790344797988e+01
4.028017510820062341e+01
4.039146376239258984e+01
4.049847881107773162e+01
4.060155829244345682e+01
4.070100069415933319e+01
4.079707092088868592e+01
4.089000517623430397e+01
4.098001498783148122e+01
4.106729054998437078e+01
4.115200351818380398e+01
4.123430935996982782e+01
4.131434934408687809e+01
4.139225223274482346e+01
4.146813572864119379e+01
4.154210771820815751e+01
4.161426734459227816e+01
4.168470593761695397e+01
4.175350782302082564e+01
4.182075102931318611e+01
4.188650790741597518e+01
4.195084567570273748e+01
4.201382690096669137e+01
4.207550992415541202e+01
4.213594923831860939e+01
4.219519582506983113e+01
4.225329745491428923e+01
4.231029895600596547e+01
4.236624245523870513e+01
4.242116759502346923e+01
4.247511172863956119e+01
4.252811009665491326e+01
4.258019598657779881e+01
4.263140087761969710e+01
4.268175457220722535e+01
4.273128531567488153e+01
4.278001990539273436e+01
4.282798379043055093e+01
4.287520116272834514e+01
4.292169504062876229e+01
4.296748734552838300e+01
4.301259897231827267e+01
4.305704985420949527e+01
4.310085902247352152e+01
4.314404466156986473e+01
4.318662416008304916e+01
4.322861415784637984e+01
4.327003058959108017e+01
4.331088872542455448e+01
4.335120320841118513e+01
4.339098808950177499e+01
4.343025686003375085e+01
4.346902248200284191e+01
4.350729741628772729e+01
4.354509364899224977e+01
4.358242271605446660e+01
4.361929572625815865e+01
4.365572338277026176e+01
4.369171600331651462e+01
4.372728353909797505e+01
4.376243559254200477e+01
4.379718143397316510e+01
4.383153001728256015e+01
4.386548999466728560e+01
4.389906973050582906e+01
4.393227731442991768e+01
4.396512057364833481e+01
4.399760708457384339e+01
4.402974418380038912e+01
4.406153897847383405e+01
4.409299835609645868e+01
4.412412899380208131e+01
4.415493736713613515e+01
4.418542975837219444e+01
4.421561226439447267e+01
4.424549080417317981e+01
4.427507112585821858e+01
4.430435881351439775e+01
4.433335929351997606e+01
4.436207784064878723e+01
4.439051958385464047e+01
4.441868951177556823e+01
4.444659247797426360e+01
4.447423320592980645e+01
4.450161629379500283e+01
4.452874621893253959e+01
4.455562734224225352e+01
4.458226391229128183e+01
4.460866006925773775e+01
4.463481984869818575e+01
4.466074718514832398e+01
4.468644591556589774e+01
4.471191978262409350e+01
4.473717243786322939e+01
4.476220744470829516e+01
4.478702828135900660e+01
4.481163834355903219e+01
4.483604094725052391e+01
4.486023933111957263e+01
4.488423665903818005e+01
4.490803602240767134e+01
4.493164044240852206e+01
4.495505287216104762e+01
4.497827619880123251e+01
4.500131324547581357e+01
4.502416677326033323e+01
4.504683948300389318e+01
4.506933401710383436e+01
4.509165296121380351e+01
4.511379884588803435e+01
4.513577414816490574e+01
4.515758129309237034e+01
4.517922265519792546e+01
4.520070055990559865e+01
4.522201728490220063e+01
4.524317506145511203e+01
4.526417607568365753e+01
4.528502246978613499e+01
4.530571634322426888e+01
4.532625975386699224e+01
4.534665471909521273e+01
4.536690321686918992e+01
4.538700718676004442e+01
4.540696853094694063e+01
4.542678911518125773e+01
4.544647076971913435e+01
4.546601529022360211e+01
4.548542443863757967e+01
4.550469994402885021e+01
4.552384350340808794e+01
4.554285678252104219e+01
4.556174141661581700e+01
4.558049901118627645e+01
4.559913114269235734e+01
4.561763935925836222e+01
4.563602518134982944e+01
4.565429010242993257e+01
4.567243558959616223e+01
4.569046308419792979e+01
4.570837400243584625e+01
4.572616973594334411e+01
4.574385165235126038e+01
4.576142109583599904e+01
4.577887938765184828e+01
4.579622782664804248e+01
4.581346768977102357e+01
4.583060023255252702e+01
4.584762668958390464e+01
4.586454827497718867e+01
4.588136618281330925e+01
4.589808158757798395e+01
4.591469564458563468e+01
4.593120949039168011e+01
4.594762424319377203e+01
4.596394100322209653e+01
4.598016085311930112e+01
4.599628485831028968e+01
4.601231406736225438e+01
4.602824951233521489e+01
4.604409220912338441e+01
4.605984315778771077e+01
4.607550334287979865e+01
4.609107373375749717e+01
4.610655528489244404e+01
4.612194893616981517e+01
4.613725561318049984e+01
4.615247622750590040e+01
4.616761167699568347e+01
4.618266284603858907e+01
4.619763060582657488e+01
4.621251581461249458e+01
4.622731931796138838e+01
4.624204194899583342e+01
4.625668452863521907e+01
4.627124786582930227e+01
4.628573275778626339e+01
4.630013999019523396e+01
4.631447033744363040e+01
4.632872456282932916e+01
4.634290341876790364e+01
4.635700764699501519e+01
4.637103797876413580e+01
4.638499513503967364e+01
4.639887982668571453e+01
4.641269275465042199e+01
4.642643461014624506e+01
4.644010607482609032e+01
4.645370782095545792e+01
4.646724051158083313e+01
4.648070480069421961e+01
4.649410133339407025e+01
4.650743074604268656e+01
4.652069366642010095e+01
4.653389071387466913e+01
4.654702249947033010e+01
4.656008962613069002e+01
4.657309268878002229e+01
4.658603227448117678e+01
4.659890896257063986e+01
4.661172332479064551e+01
4.662447592541850838e+01
4.663716732139323540e+01
4.664979806243947280e+01
4.666236869118888819e+01
4.667487974329897327e+01
4.668733174756947335e+01
4.669972522605628740e+01
4.671206069418316531e+01
4.672433866085101783e+01
4.673655962854505219e+01
4.674872409343974056e+01
4.676083254550160007e+01
4.677288546859001883e+01
4.678488334055593612e+01
4.679682663333865378e+01
4.680871581306071505e+01
4.682055134012078668e+01
4.683233366928489261e+01
4.684406324977571501e+01
4.685574052536021838e+01
4.686736593443556842e+01
4.687893990780935383e+01
4.689046287792963597e+01
4.690193526534595492e+01
4.691335748780238646e+01
4.692472995807847269e+01
4.693605308406563381e+01
4.694732726884223695e+01
4.695855291074714444e+01
4.696973040345193340e+01
4.698086013603180788e+01
4.699194249303507576e+01
4.700297785455139632e+01
4.701396659627879160e+01
4.702490908958935734e+01
4.703580570159383001e+01
4.704665679520488197e+01
4.705746272919936501e+01
4.706822385827933886e+01
4.707894053313204097e+01
4.708961310048874793e+01
4.710024190318259230e+01
4.711082728020531363e+01
4.712136956676305033e+01
4.713186909433107274e+01
4.714232619070759256e+01
4.715274118006659876e+01
4.716311438300975567e+01
4.717344611661740572e+01
4.718373669449867691e+01
4.719398642684070921e+01
4.720419562045702833e+01
4.721436457883503834e+01
4.722449360218281811e+01
4.723458298747495121e+01
4.724463302849767388e+01
4.725464401589323415e+01
4.726461623720346239e+01
4.727454997691262406e+01
4.728444551648956917e+01
4.729430313442910716e+01
4.730412310629274941e+01
4.731390570474872703e+01
4.732365119961139044e+01
4.733335985787984868e+01
4.734303194377609714e+01
4.735266771878242054e+01
4.736226744167821323e+01
4.737183136857618138e+01
4.738135975295799085e+01
4.739085284570924728e+01
4.740031089515399287e+01
4.740973414708859934e+01
4.741912284481512074e+01
4.742847722917409925e+01
4.743779753857685932e+01
4.744708400903724765e+01
4.745633687420293256e+01
4.746555636538612788e+01
4.747474271159386205e+01
4.748389613955779254e+01
4.749301687376348013e+01
4.750210513647927968e+01
4.751116114778473332e+01
4.752018512559850194e+01
4.752917728570592715e+01
4.753813784178605317e+01
4.754706700543837883e+01
4.755596498620903390e+01
4.756483199161665709e+01
4.757366822717789034e+01
4.758247389643235437e+01
4.759124920096738265e+01
4.759999434044230782e+01
4.760870951261237849e+01
4.761739491335234220e+01
4.762605073667962330e+01
4.763467717477720953e+01
4.764327441801615493e+01
4.765184265497774163e+01
4.766038207247535752e+01
4.766889285557594746e+01
4.767737518762127991e+01
4.768582925024879415e+01
4.769425522341215640e+01
4.770265328540156702e+01
4.771102361286368421e+01
4.771936638082134863e+01
4.772768176269291018e+01
4.773596993031139135e+01
4.774423105394326683e+01
4.775246530230706554e+01
4.776067284259158185e+01
4.776885384047396599e+01
4.777700846013742364e+01
4.778513686428877349e+01
4.779323921417564236e+01
4.780131566960353950e+01
4.780936638895253310e+01
4.781739152919385560e+01
4.782539124590614676e+01
4.783336569329151189e+01
4.784131502419140247e+01
4.784923939010214156e+01
4.785713894119041356e+01
4.786501382630833490e+01
4.787286419300851037e+01
4.788069018755872719e+01
4.788849195495653532e+01
4.789626963894355072e+01
4.790402338201967325e+01
4.791175332545697785e+01
4.791945960931350612e+01
4.792714237244683773e+01
4.793480175252746278e+01
4.794243788605199796e+01
4.795005090835621075e+01
4.795764095362785895e+01
4.796520815491938095e+01
4.797275264416037288e+01
4.798027455216993076e+01
4.798777400866882203e+01
4.799525114229149381e+01
4.800270608059790334e+01
4.801013895008521359e+01
4.801754987619931114e+01
4.802493898334618905e+01
4.803230639490318765e+01
4.803965223323004352e+01
4.804697661967981759e+01
4.805427967460971672e+01
4.806156151739172344e+01
4.806882226642307643e+01
4.807606203913665865e+01
4.808328095201125052e+01
4.809047912058159113e+01
4.809765665944838986e+01
4.810481368228811760e+01
4.811195030186276256e+01
4.811906663002937989e+01
4.812616277774962015e+01
4.813323885509897337e+01
4.814029497127609858e+01
4.814733123461185471e+01
4.815434775257831745e+01
4.816134463179767522e+01
4.816832197805094751e+01
4.817527989628667484e+01
4.818221849062945239e+01
4.818913786438835700e+01
4.819603812006529608e+01
4.820291935936320016e+01
4.820978168319419410e+01
4.821662519168756234e+01
4.822344998419772821e+01
4.823025615931204868e+01
4.823704381485851655e+01
4.824381304791344149e+01
4.825056395480895333e+01
4.825729663114046275e+01
