# bin_1_1
1.351961932771892229e-09
2.142144702264780871e-09
1.165022088059829447e-09
1.918324658244832472e-09
1.011769565362787497e-09
1.728720274590687755e-09
8.887378503727851878e-10
1.570222433995085336e-09
7.931799473968183887e-10
1.440398073345510061e-09
7.230177483071786583e-10
1.337450470691450193e-09
6.768065884282766734e-10
1.260193710783664452e-09
6.537140982554068880e-10
1.208040729784016155e-09
6.535128410460231198e-10
1.181004570966097164e-09
6.765862942885821511e-10
1.179712493970617467e-09
7.239478752093237533e-10
1.205432756628837546e-09
7.972727465231356431e-10
1.260113780189706005e-09
8.989420487276864425e-10
1.346435374649485658e-09
1.032099087962722872e-09
1.467871329785407996e-09
1.200716584626385837e-09
1.628762374395645508e-09
1.409673629023182407e-09
1.834397750273837418e-09
1.664840190032035082e-09
2.091102772137526603e-09
1.973165935337133080e-09
2.406328498492732002e-09
2.342768681409024915e-09
2.788737918441156078e-09
2.783015881035708317e-09
3.248280995394751953e-09
3.304590206162125940e-09
3.796248177791140480e-09
3.919527301148563831e-09
4.445288843958614955e-09
4.641210357010211814e-09
5.209377347922019771e-09
5.484302099388130387e-09
6.103705189631175969e-09
6.464590570618308577e-09
7.144473464948872244e-09
7.598720678795730626e-09
8.348555589947088530e-09
8.903779751429915651e-09
9.732997088575208957e-09
1.039670289843245963e-08
1.131431793757487953e-08
1.209346421460785765e-08
1.310758511493014426e-08
1.400802441111317808e-08
1.512523051690489543e-08
1.615101660295226931e-08
1.737560485521880506e-08
1.852817239034042394e-08
1.986128432977538980e-08
2.113852323081589749e-08
2.257718706544642517e-08
2.397246018209723965e-08
2.550861293416443965e-08
2.700980072575925725e-08
2.862939495637053857e-08
3.021809443888173386e-08
3.190044116408440291e-08
3.355149598831966026e-08
3.526904590007177556e-08
3.695063379765865886e-08
3.866944441863828147e-08
4.034398630295860775e-08
4.202514889873030118e-08
4.365131303146004320e-08
4.525359907862183374e-08
4.678962964821104920e-08
4.827353504787909323e-08
4.968200759003445577e-08
5.101519303801982411e-08
5.226905976940182045e-08
5.343288172556172365e-08
5.452229904710722398e-08
5.551869006701613786e-08
5.645762766645045812e-08
5.731504999599148616e-08
5.814612841136877488e-08
5.892278964196699850e-08
5.971832273756650786e-08
6.050049645831636407e-08
6.135756581564915519e-08
6.225098879839654258e-08
6.327887070159633006e-08
6.439213217342281027e-08
6.569186538076439494e-08
6.711274229405402962e-08
6.875123863060658724e-08
7.052006263743040804e-08
7.250467208382460499e-08
7.459246013941869645e-08
7.685532943281535813e-08
7.915714632483463279e-08
8.156018101809460093e-08
8.391376824442202262e-08
8.628203204618588914e-08
8.851568337991799195e-08
9.069763466058349082e-08
9.269857377503897293e-08
9.463616700005999192e-08
9.641400428457578679e-08
9.818981591974509933e-08
9.989745592449100726e-08
1.017208279411880800e-07
1.036005391145485116e-07
1.057134615080961741e-07
1.079693409584289051e-07
1.105000358394185427e-07
1.131546012340398934e-07
1.160041513777666388e-07
1.188429857879528353e-07
1.217109407642606142e-07
1.244002338827563769e-07
1.269866522155657085e-07
1.293300298004767408e-07
1.315959869595000875e-07
1.337336085530397813e-07
1.359741428745360105e-07
1.382845731091843303e-07
1.408544736892465054e-07
1.435531556071362973e-07
1.464405331055619650e-07
1.492645938852299902e-07
1.520167594089798562e-07
1.544636639289172314e-07
1.567059725665398179e-07
1.586783698675070323e-07
1.606407665264638394e-07
1.626052901660203228e-07
1.647759499427696596e-07
1.669868951222031651e-07
1.692157157038704525e-07
1.711419241763220315e-07
1.727556790476296044e-07
1.739334743617621853e-07
1.749432289546195916e-07
1.758495523355751762e-07
1.768731338693684957e-07
1.778023572353573333e-07
1.785282824586364046e-07
1.787129534191054521e-07
1.784505877285808936e-07
1.778047184054044003e-07
1.771287251599685306e-07
1.763462096202506489e-07
1.753603121905899009e-07
1.737654997103768650e-07
1.716226804945197035e-07
1.690552678535383884e-07
1.664495897977179773e-07
1.636422561476549746e-07
1.604248264340050838e-07
1.564961348584062541e-07
1.522081102731559336e-07
1.477947738896886841e-07
1.433287621013307991e-07
1.383284383875499396e-07
1.328462271315187264e-07
1.271838370032083228e-07
1.216946622573452558e-07
1.159412038386746917e-07
1.098349079207819725e-07
1.036924755176828359e-07
9.794080846705957375e-08
9.210225688727634484e-08
8.617423936923016645e-08
8.059907496043697043e-08
7.556671911140032141e-08
7.050583441384030295e-08
6.585358298275554543e-08
6.190846907004060664e-08
5.830153739307316605e-08
5.498612779373389961e-08
5.259765968606519424e-08
5.049084733816583346e-08
4.882817013468989207e-08
4.791350342674927264e-08
4.721987467143900862e-08
4.688328133014049184e-08
4.710274804762550021e-08
4.712669251472219229e-08
4.766097056093681212e-08
4.791432136457899590e-08
4.822723149552697617e-08
4.836699725177634939e-08
4.816753065066981284e-08
4.783109518162092412e-08
4.700308684490311107e-08
4.603165574554642663e-08
4.462915885673525261e-08
4.313621957256560914e-08
4.140676743484247209e-08
3.972900633471265918e-08
3.806450558707461963e-08
3.663061055156726872e-08
3.542541956778041781e-08
3.457218151725951070e-08
3.403960469728154417e-08
3.384046527165117214e-08
3.388274812774146110e-08
3.408454683680214386e-08
3.431429858920261755e-08
3.445549141561242621e-08
3.440374295943307987e-08
3.409185023324141796e-08
3.351352701936812597e-08
3.270587234973228797e-08
3.177530875105104212e-08
3.083654945404191178e-08
3.003383564368663416e-08
2.945281900665304110e-08
2.915475010434990801e-08
2.909503061928392262e-08
2.919813179017160221e-08
2.930807808273603275e-08
2.930652472478243505e-08
2.907785179604443534e-08
2.862608268731344088e-08
2.799996197703675851e-08
2.735609579724183674e-08
2.682049371093025029e-08
2.651602429164071470e-08
2.642651496605605783e-08
2.648042203573936579e-08
2.650036712491649847e-08
2.637026797801857515e-08
2.601663307331062824e-08
2.553263028429092432e-08
2.504903396854871285e-08
2.473746312559519043e-08
2.462260400076435229e-08
2.464025029648823084e-08
2.459962773554289943e-08
2.439569046129419865e-08
2.401419364655946684e-08
2.362184704782109352e-08
2.335757729912418352e-08
2.328505084699817501e-08
2.325991995821568816e-08
2.313395805989615518e-08
2.283188347474559339e-08
2.250020387627807812e-08
2.228383370886074994e-08
2.222708659002073320e-08
2.215359251419135397e-08
2.194597638451606487e-08
2.163899135361352110e-08
2.143798521110801493e-08
2.137101284369229607e-08
2.129700280730514263e-08
2.105768898841599974e-08
2.078699733420054368e-08
2.064900667163843745e-08
2.061444357705265418e-08
2.045676612827320112e-08
2.020842319443187070e-08
2.004467183726409593e-08
1.998170668328166140e-08
1.981004088370812016e-08
1.959734636903697991e-08
1.949717619101915689e-08
1.942297615140845974e-08
1.920652741167140538e-08
1.904454269861194224e-08
1.896797964412133903e-08
1.881088706866166451e-08
1.864125500910702679e-08
1.858600219713973104e-08
1.842380191075603278e-08
1.826472888806492498e-08
1.818009891809019326e-08
1.802049717725738860e-08
1.790073202309715237e-08
1.782646740421344004e-08
1.764796937410840354e-08
1.758262440619291139e-08
1.742328392681799890e-08
1.731702826050999678e-08
1.721385522231517033e-08
1.708921636780813021e-08
1.700446227611468143e-08
1.687229279978401437e-08
1.678576756066230523e-08
1.665267148590428299e-08
1.656885543472666461e-08
1.645891599116204337e-08
1.637225192231400619e-08
1.626632323233629538e-08
1.617678324081882568e-08
1.607308773457413879e-08
1.598254367252950727e-08
1.589140164898015874e-08
1.580921890176750442e-08
1.571873044365318306e-08
1.563857236356746317e-08
1.555133218711272601e-08
1.546854597426864977e-08
1.538942360477376426e-08
1.531786274224806730e-08
1.524205437321481236e-08
1.517261580007057130e-08
1.510151120423871320e-08
1.503378468153950257e-08
1.496728609536375970e-08
1.490815933300069781e-08
1.485039130472953051e-08
1.479313227114739562e-08
1.474082336660885551e-08
1.468831544562383674e-08
1.463847711940583253e-08
1.459338523026703070e-08
1.455330710218898788e-08
1.451298951982486795e-08
1.447838269849808178e-08
1.444451171460103929e-08
1.441475561172923767e-08
1.438734541289867163e-08
1.436618776428546926e-08
1.434696681222821632e-08
1.433100981794035558e-08
1.431891163080222308e-08
1.430975202624866011e-08
1.430332516500365938e-08
1.430238180477967017e-08
1.430509701570901765e-08
1.431068708440381999e-08
1.432026022377960006e-08
1.433320499938055342e-08
1.434911630225507202e-08
1.436938641876425495e-08
1.439345241038082770e-08
1.442148126198550060e-08
1.445196455730980211e-08
1.448727971568128551e-08
1.452466986637552006e-08
1.456643126043367461e-08
1.461135937536288175e-08
1.466104048761600548e-08
1.471254451897914086e-08
1.476898416433827811e-08
1.482734920410214731e-08
1.489013384234146903e-08
1.495547104785775708e-08
1.502563798075873217e-08
1.509798119477545899e-08
1.517440585780749170e-08
1.525333573029535144e-08
1.533615757627194670e-08
1.542134205350908240e-08
1.551084679743250403e-08
1.560284392398968933e-08
1.569847725620736195e-08
1.579666719727793941e-08
1.589833544164294435e-08
1.600227505980798884e-08
1.611006404047918893e-08
1.622032979084060086e-08
1.633408308589610823e-08
1.644991035863726985e-08
1.656927033337085429e-08
1.669059867770638714e-08
1.681542137534969086e-08
1.694246344008941022e-08
1.707298476170171155e-08
1.720525247519649663e-08
1.734087975630760301e-08
1.747815527244279978e-08
1.761861015795082145e-08
1.776098197209532367e-08
1.790660658145237708e-08
1.805385990261600575e-08
1.820407717103504353e-08
1.835583355647227613e-08
1.851038783634744060e-08
1.866651990958099661e-08
1.882557059147186853e-08
1.898616198276245677e-08
1.914924811228150090e-08
1.931374405971306121e-08
1.948061591618369854e-08
1.964885427543068208e-08
1.981965916648860590e-08
1.999186031451650831e-08
2.016621295753370387e-08
2.034159782776338613e-08
2.051896577910848722e-08
2.069736266679206813e-08
2.087790544603923147e-08
2.105967363443072447e-08
2.124340547583068141e-08
2.142782794164285757e-08
2.161381550166283479e-08
2.180030908487930145e-08
2.198848570004442198e-08
2.217765989141791934e-08
2.236864979411162633e-08
2.256011115533849104e-08
2.275264709603333510e-08
2.294521679785335144e-08
2.313885644989289434e-08
2.333305835311938325e-08
2.352883869631694688e-08
2.372501690602655285e-08
2.392185334875661467e-08
2.411829327288806073e-08
2.431506356021028661e-08
2.451183646884568207e-08
2.470978709678729423e-08
2.490802808217267403e-08
2.510665718861575907e-08
2.530450634828066994e-08
2.550204833997096812e-08
2.569892480107538431e-08
2.589631163228599997e-08
2.609372460189936897e-08
2.629131172121460066e-08
2.648779526282108816e-08
2.668350259138924787e-08
2.687772076064960002e-08
2.707160471490268828e-08
2.726510358475435943e-08
2.745856086425479461e-08
2.765059506155993313e-08
2.784140028347928858e-08
2.803016134968898457e-08
2.821770846408173630e-08
2.840408882967538170e-08
2.859004673362778033e-08
2.877432216151151795e-08
2.895687163117843038e-08
2.913699975520927962e-08
2.931501457441423111e-08
2.949087781136391968e-08
2.966576488539756418e-08
2.983876757046818843e-08
3.000954463746094445e-08
3.017748587073444311e-08
3.034269303415769601e-08
3.050494176361870953e-08
3.066526222873108411e-08
3.082337982972134992e-08
3.097891778975663132e-08
3.113104448133456882e-08
3.128014949609759268e-08
3.142551112490574083e-08
3.156792657606104394e-08
3.170760756033970297e-08
3.184450144439231665e-08
3.197745976578610263e-08
3.210700754406072657e-08
3.223226212443386928e-08
3.235382413857002732e-08
3.247177746853636039e-08
3.258659645138098843e-08
3.269712983350793840e-08
3.280356180972260456e-08
3.290552506494801919e-08
3.300305574604305071e-08
3.309604534698977834e-08
3.318529012528878790e-08
3.327003465375449150e-08
3.335000458706412838e-08
3.342517773173918672e-08
3.349530536174427102e-08
3.356025689847659958e-08
3.362062578124492726e-08
3.367615869264541729e-08
3.372649165083533572e-08
3.377139509739588687e-08
3.381109391497363599e-08
3.384508006500861603e-08
3.387368527997062554e-08
3.389695417704838268e-08
3.391481384663032824e-08
3.392664339258225336e-08
3.393305623400682921e-08
3.393329004648750077e-08
3.392768425119707318e-08
3.391612291012496720e-08
3.389884752194884120e-08
3.387518598943185810e-08
3.384560309193444805e-08
3.380978213900477669e-08
3.376780494917752262e-08
3.371935415534543165e-08
3.366483463791191846e-08
3.360384362436171721e-08
3.353650884853267845e-08
3.346301447573628422e-08
3.338322916465065042e-08
3.329698903771715633e-08
3.320453582216582600e-08
3.310575127800151600e-08
3.300075549796639829e-08
3.288978811397327653e-08
3.277306528994515744e-08
3.265041031155656148e-08
3.252189990526859572e-08
3.238750912046114551e-08
3.224745588953593587e-08
3.210168699912267372e-08
3.195065924442799966e-08
3.179384304575811569e-08
3.163107682442326708e-08
3.146172157409178142e-08
3.128563081284720792e-08
3.110230748176797970e-08
3.091177252691023118e-08
3.071325279628487344e-08
3.050619036318366313e-08
3.028947771989897033e-08
3.006262724916427666e-08
2.982511789760170587e-08
2.957695045962490718e-08
2.931790612950693177e-08
2.904782002052817631e-08
2.876623038175536853e-08
2.847307965197109464e-08
2.816876085708517882e-08
2.785446117821462420e-08
2.753135025274302039e-08
2.720077253772883448e-08
2.686375976803948920e-08
2.652150862912837420e-08
2.617537472662520332e-08
2.582753513884406781e-08
2.547998340942560912e-08
2.513465314448181281e-08
2.479287834484687240e-08
2.445567384250930732e-08
2.412356522983948365e-08
2.379783206140696555e-08
2.347966421714050377e-08
2.316995745565829476e-08
2.286890632857305778e-08
2.257622614102934695e-08
2.229095604943496048e-08
2.201265615716594379e-08
2.174140313709826007e-08
2.147740856293189161e-08
2.122019830441128086e-08
2.096924449870408017e-08
2.072302322885778431e-08
2.047999425555519717e-08
2.023931251409484212e-08
2.000088087049218286e-08
1.976403912644429091e-08
1.952850109897382007e-08
1.929324323101653091e-08
1.905723109246779498e-08
1.881976593104171166e-08
1.858123147297128000e-08
1.834132724138608307e-08
1.809932883731361887e-08
1.785428575925887730e-08
1.760512632760082340e-08
1.735101355909244656e-08
1.709284205419491384e-08
1.683187639274818210e-08
1.656863649576077474e-08
1.630321180989523260e-08
1.603448428606414117e-08
1.576064732489975081e-08
1.548110315493378866e-08
1.519695193864485243e-08
1.490978256840995191e-08
1.462100117914401670e-08
1.433163087985641536e-08
1.404079144859112645e-08
1.374703048938451367e-08
1.345030644520581064e-08
1.315181803584669982e-08
1.285202282833164953e-08
1.255212316192665325e-08
1.225217944316296305e-08
1.195222699129951710e-08
1.165303779682404897e-08
1.135625550974038222e-08
1.106159722162781406e-08
1.076814352352114901e-08
1.047515559702947643e-08
1.018323571008033227e-08
9.893666121216334248e-09
9.608375458740015645e-09
9.327833075920849081e-09
9.051376877424239791e-09
8.779141733309465667e-09
8.510219142962321852e-09
8.243383299639946002e-09
7.979167900287478779e-09
7.719703204038755988e-09
7.466191952316818376e-09
7.219660494203373473e-09
6.980547689102337498e-09
6.745801273272905201e-09
6.511816899024315861e-09
6.280022887309919978e-09
6.054617499638479012e-09
5.837217230854612917e-09
5.628802933861328590e-09
5.426949704690330037e-09
5.227703173840463831e-09
5.030178690471028333e-09
4.837002876723570012e-09
4.650730538630673688e-09
4.473291796829848627e-09
4.301789631139862014e-09
4.134596835281930693e-09
3.971030005281547474e-09
3.811465413566919740e-09
3.656724365973776527e-09
3.507852495716950202e-09
3.365281482958423208e-09
3.226874776522582995e-09
3.092640494729140966e-09
2.962810094414203240e-09
2.838580662168885327e-09
2.718624842710407326e-09
2.601878350532476432e-09
2.489770219710421773e-09
2.381806181137956929e-09
2.277647275044863224e-09
2.179043188887455206e-09
2.084796767806440639e-09
1.991923866865227797e-09
1.902113154248261416e-09
1.817073336735254402e-09
1.734053590036480206e-09
1.655041954115037334e-09
1.581130265626383077e-09
1.509265034133107283e-09
1.439714975298587715e-09
1.373458388726112693e-09
1.310262035364416538e-09
1.248525400748972972e-09
1.189820450902641685e-09
1.134515199140354872e-09
1.080786330070655841e-09
1.030108921395285796e-09
9.815576032281566404e-10
9.342544606023189765e-10
8.880579440732432597e-10
8.447301149243114574e-10
8.034002505919422480e-10
7.660334488269700596e-10
7.299682274210031416e-10
6.953055290905932844e-10
6.608006846255234297e-10
6.270753257598169140e-10
5.955236738745707943e-10
5.669517521689895040e-10
5.407615528620727125e-10
5.148436124285425203e-10
4.892113895079415807e-10
4.632516406935418747e-10
4.384923010417722652e-10
4.162376256484657283e-10
3.967300136142040525e-10
3.781831729600112677e-10
3.594788738625099597e-10
3.402645420308425354e-10
3.214489463567736590e-10
3.042087908178052068e-10
2.892517278700785914e-10
2.760223294059166429e-10
2.631125438049359787e-10
2.493692992009882191e-10
2.354656273185240457e-10
2.224893098754024318e-10
2.111751102525608811e-10
2.012917094615184255e-10
1.924565103968419040e-10
1.828104356970879909e-10
1.724276950698631963e-10
1.626804078205733618e-10
1.540428241232756771e-10
1.463545161881890823e-10
1.398854520709706549e-10
1.336957354138311333e-10
1.263071400575494672e-10
1.188792769757939522e-10
1.124138319879417146e-10
1.063087076215811385e-10
1.012642515873812884e-10
9.691446594189637570e-11
9.190205028835114980e-11
8.624124167236063260e-11
8.136550333103024410e-11
7.698446720323871808e-11
7.297814473890113590e-11
6.972390479894834138e-11
6.668487996434053671e-11
6.275866750776102995e-11
5.889750849113525186e-11
5.590890414550952703e-11
5.269541896586623195e-11
5.032600094392568558e-11
4.825390747651888059e-11
4.576085839304696215e-11
4.279532950516271096e-11
4.053067111673733814e-11
3.831719036423111740e-11
3.636139457644073440e-11
3.473381024304373411e-11
3.328379400565974401e-11
3.129925231402950266e-11
2.939715794521157336e-11
2.801154948934824161e-11
2.629135951370261851e-11
2.514838297181717018e-11
2.413312222694207804e-11
2.288119977193428907e-11
2.134691225887495211e-11
2.033525777665083062e-11
1.922051702066871073e-11
1.829107729009862919e-11
1.743384538783634286e-11
1.670249633811086468e-11
1.567386439982398232e-11
1.474099519027012805e-11
1.409309672085422078e-11
1.321441419007085273e-11
1.265753266660642668e-11
1.214583541657446314e-11
1.150723191402788370e-11
1.073705656402225782e-11
1.026444527141583615e-11
9.649077849201752421e-12
9.202962749157599515e-12
8.759379113396323374e-12
8.412831325998025889e-12
7.900849232410080788e-12
7.442350127747744715e-12
7.126476185306589205e-12
6.682689420353060619e-12
6.401558060056583727e-12
6.135085950267740298e-12
5.817191638282008303e-12
5.439451460078002895e-12
5.221865843684746099e-12
4.908901943274421560e-12
4.701490002078197982e-12
4.461227708158648232e-12
4.269919993701473661e-12
4.011745782984384016e-12
3.798776384028454670e-12
3.631987298015121366e-12
3.417040565623323800e-12
3.268546359110915179e-12
3.121328869166802843e-12
2.961777907265386548e-12
2.779923674141937272e-12
2.669635651387444254e-12
2.510677681091655533e-12
2.398700319031467843e-12
2.280765600366014162e-12
2.183641544522642486e-12
2.052623408722656047e-12
1.946953856112981150e-12
1.858305215775526222e-12
1.754233104247455377e-12
1.674310603084329014e-12
1.602007699286053508e-12
1.518590933266465220e-12
1.429532164237021837e-12
1.369012878441632647e-12
1.288122049785021030e-12
1.231360553448811859e-12
1.169294097608848952e-12
1.115458988268109694e-12
1.051901915490810732e-12
9.995037068576690227e-13
9.495592684906122621e-13
8.980899670732747528e-13
8.546935462106689489e-13
8.123110705203144483e-13
7.698469063608231458e-13
7.251052263440705476e-13
6.923353268352884894e-13
6.512086213646469509e-13
6.191573690896974452e-13
5.851147321833674223e-13
5.548527281314296967e-13
5.208035809250001210e-13
4.933697718405585263e-13
4.656264195264874856e-13
4.379240839921683533e-13
4.120257488502944596e-13
3.887558410934586479e-13
3.641759984690406346e-13
3.407926544494774384e-13
3.208845774575537084e-13
2.981740181630680270e-13
2.784786062748438366e-13
2.595080180001876735e-13
2.415180819238586348e-13
2.229457291893864237e-13
2.069171461453161175e-13
1.909391372991274875e-13
1.753560182185428894e-13
1.606641028819801671e-13
1.472152223155036616e-13
1.341898608015418826e-13
1.217428559207118151e-13
1.113069419750713290e-13
1.000323291542675508e-13
9.067572499531120449e-14
8.138746180890693721e-14
7.353344545038302649e-14
6.605596071171873355e-14
6.011523263629417162e-14
5.417538715407268203e-14
4.942525712230822527e-14
4.497193950755746194e-14
4.155449791625101255e-14
3.872343152119434046e-14
3.646564654149324373e-14
3.482838466705862531e-14
3.326641087709379458e-14
3.213290618195099348e-14
3.110657030142958168e-14
3.038739994251225211e-14
2.964878571151303315e-14
2.893302844106072780e-14
2.797424259913149203e-14
2.683260974315689003e-14
2.540161090981813880e-14
2.380865520870169814e-14
2.210426469001618340e-14
2.021829491663234227e-14
1.820750113691827142e-14
1.613069278053124863e-14
1.410390768869365391e-14
1.214668125820618095e-14
1.056874999175269945e-14
9.302622149453168022e-15
8.351633663529606382e-15
7.707697815221485116e-15
7.388071309636479411e-15
7.253912435980177745e-15
7.316286068834426781e-15
7.475940666525926415e-15
7.575753798254301497e-15
7.464355935260292160e-15
7.182412370512425367e-15
6.605909522683438341e-15
5.847196621771143259e-15
5.013609646774641112e-15
4.225043979515243981e-15
3.480727708099766685e-15
2.988463270109932356e-15
2.699013000093163983e-15
2.666103619548604928e-15
2.783239182318545416e-15
3.009819045189194720e-15
3.131120572450791429e-15
3.073662358861785242e-15
2.819395889731596753e-15
2.385428947763888550e-15
1.878123830610239069e-15
1.484213687504896103e-15
1.271977262316190787e-15
1.249440908047386519e-15
1.393200695427287802e-15
1.555681504259308512e-15
1.605604279909881040e-15
1.485952864391428219e-15
1.224869621217676613e-15
9.213837194805087815e-16
7.002366820641398751e-16
6.791515504699818492e-16
7.823562797213742647e-16
9.120965981097082187e-16
9.274759926205639466e-16
7.955899151146756171e-16
5.588902978283690134e-16
4.162042353563200057e-16
4.119442199846162497e-16
5.286368949631456159e-16
5.985371958938340060e-16
5.432558859235451269e-16
3.720592650244753062e-16
2.570100686629914492e-16
2.824167126468222121e-16
3.840601797180230401e-16
3.978580564838593193e-16
2.958203635857021903e-16
1.826273079488325323e-16
1.885356584269181415e-16
2.720209871387851770e-16
2.789710412985981064e-16
1.779771461461733136e-16
1.191006330826466369e-16
1.702487669017368436e-16
2.149789588933780429e-16
1.497273851491111015e-16
8.948431324944391863e-17
1.244342418347226189e-16
1.617863165131436944e-16
1.021444800599593218e-16
6.912163664176629999e-17
1.106890918537995933e-16
1.136600292809386185e-16
5.423285937928287852e-17
7.352175814070209243e-17
9.562493435717136170e-17
5.304658152699728992e-17
5.040618019904754032e-17
8.006487961268841041e-17
4.000601825292660032e-17
4.586209263335837216e-17
6.063674102358531435e-17
3.013531031103057541e-17
4.359993329832613493e-17
4.357002771551904851e-17
2.266486403098312460e-17
4.461973238765434670e-17
2.079039635567920636e-17
3.255552741587016335e-17
2.541099893679263431e-17
2.177002213800603746e-17
2.641370744972473134e-17
1.639211177587404224e-17
2.380973945627184275e-17
1.417908430593251145e-17
2.012865277228561425e-17
1.292954012669141667e-17
1.675565980248691902e-17
1.178080977116878117e-17
1.401129125211552192e-17
1.058711435657554977e-17
1.182054801949491239e-17
9.399355789018430740e-18
1.004757063099265686e-17
8.276378488668511357e-18
8.585347799327824718e-18
7.249945353404362097e-18
7.360996476832326699e-18
6.330444419694472604e-18
6.325103764304051614e-18
5.516416557313284497e-18
5.442703696106592619e-18
4.800850700322814325e-18
4.687749722605750507e-18
4.174588154109897181e-18
4.039973274009081450e-18
3.628020503102925322e-18
3.483085267962326080e-18
3.151891833334541437e-18
3.003699501021067875e-18
2.737648681366413093e-18
2.590648266401441512e-18
2.377564500541603436e-18
2.234519414469280578e-18
2.064752953862380084e-18
1.927325117626835287e-18
1.793127986088288023e-18
1.662253597328772925e-18
1.557340382951956661e-18
1.433476156645036405e-18
1.352706130419964788e-18
1.235993043507682236e-18
1.175134445408450996e-18
1.065507828792307656e-18
1.021059386342536278e-18
9.183235038183660835e-19
8.873768386116538466e-19
7.912556127626730808e-19
7.713875264462218540e-19
6.815590536038288063e-19
6.707460884807174020e-19
5.868660324799857257e-19
5.834159398740948367e-19
5.051332448159156821e-19
5.076294853788968832e-19
4.345967623352197295e-19
4.418531938658227241e-19
3.737334047718750540e-19
3.847570279342772145e-19
3.212276003355672069e-19
3.351877492422880420e-19
2.759429139695535790e-19
2.921456459402497894e-19
2.368975580272311812e-19
2.547642728597232158e-19
2.032433071341250755e-19
2.222928347045885816e-19
1.742473364294213107e-19
1.940808798952756609e-19
1.492765672895628992e-19
1.695650172958500400e-19
1.277841715181077807e-19
1.482573935672375562e-19
1.092979352889414609e-19
1.297357089552018461e-19
9.341022769922245400e-20
1.136345729414597140e-19
7.976935400539028812e-20
9.963802717876815927e-20
6.807210842174714323e-20
8.747308773496054526e-20
5.805736501736658402e-20
7.690417506685060474e-20
4.950057015200064062e-20
6.772832214612265137e-20
4.220901981440530100e-20
5.977106175939358912e-20
3.601782188367650194e-20
5.288291280016258937e-20
3.078645777664056844e-20
4.693639300984536976e-20
