# bin_1_1
7.577551882894441879e-05
7.572304771597943550e-05
7.567881658411158429e-05
7.562188879531532690e-05
7.557284915161411004e-05
7.551105957833535048e-05
7.545678669323166660e-05
7.538969896771036355e-05
7.532973670189226263e-05
7.525688205389842607e-05
7.519074183108007483e-05
7.511161819667914303e-05
7.503877826332861509e-05
7.495284973002025745e-05
7.487275479530408270e-05
7.477945148387494080e-05
7.469151284937512974e-05
7.459023134976130434e-05
7.449382765650765334e-05
7.438393215372703245e-05
7.427841089260465903e-05
7.415923513795400857e-05
7.404391508883192172e-05
7.391476539025853480e-05
7.378894017322099258e-05
7.364909959657579093e-05
7.351204253490667819e-05
7.336077652160663456e-05
7.321174702755967143e-05
7.304831064287493100e-05
7.288656234166458704e-05
7.271020936713999878e-05
7.253500016785133795e-05
7.234499423734948363e-05
7.215559853681978702e-05
7.195122648301394586e-05
7.174694964413639946e-05
7.152753716407492062e-05
7.130773233625453211e-05
7.107266199318288649e-05
7.083674923116423561e-05
7.058548067606813803e-05
7.033296815492496689e-05
7.006506026551703780e-05
6.979556717431020828e-05
6.951070156224071876e-05
6.922398197789508692e-05
6.892198699840260383e-05
6.861795368820044344e-05
6.829882769620756837e-05
6.797757437059437011e-05
6.764150650573660234e-05
6.730332654997450920e-05
6.695071281380677415e-05
6.659611198912513753e-05
6.622756383100498470e-05
6.585726389388886774e-05
6.547360600217075484e-05
6.508853571373751472e-05
6.469078930125803919e-05
6.429205899132202731e-05
6.388140669369027434e-05
6.347026255274796226e-05
6.304799129382715624e-05
6.262574608286470971e-05
6.219316511753354335e-05
6.176110324239448559e-05
6.131943630886845637e-05
6.087869345704358055e-05
6.042894681079231657e-05
5.998036782836642372e-05
5.952318008714912426e-05
5.906716362543521116e-05
5.860264888880010624e-05
5.813899351496236174e-05
5.766659591660171555e-05
5.719436944610895414e-05
5.671275449428872354e-05
5.623021531255386002e-05
5.573722977968206257e-05
5.524183420265913434e-05
5.473456985814378125e-05
5.422310063766631741e-05
5.369809488130039392e-05
5.316693955444600953e-05
5.262053453784713272e-05
5.206612493894149566e-05
5.149498275466349431e-05
5.091437589913994750e-05
5.031610910853279357e-05
4.970764458505911291e-05
4.908147065773099606e-05
4.844538535900822754e-05
4.779265873854312332e-05
4.713148856261864484e-05
4.645592194626619193e-05
4.577449358431612524e-05
4.508187652960014082e-05
4.438671989344364263e-05
4.368400881786839576e-05
4.298213146958574976e-05
4.227594456263606505e-05
4.157311730388279033e-05
4.086791793337795649e-05
4.016689955308380407e-05
3.946343714394799120e-05
3.876282670180123248e-05
3.805759906146723983e-05
3.735208677676170422e-05
3.663850914492292889e-05
3.592101249454651186e-05
3.519245802182006748e-05
3.445786796090001726e-05
3.371177381894893037e-05
3.296093690898864020e-05
3.220207665439339152e-05
3.144373692336239665e-05
3.068427311793262062e-05
2.993285794815839313e-05
2.918779025068962064e-05
2.845686206258993224e-05
2.773629120042571467e-05
2.703086967666478316e-05
2.633391902705175294e-05
2.564757471218099278e-05
2.496389528240451118e-05
2.428516485165460367e-05
2.360566864420204379e-05
2.293125594826371695e-05
2.226081872162451316e-05
2.160425114423748834e-05
2.096309829646507259e-05
2.034706030203476537e-05
1.975472337528430547e-05
1.919025943671120668e-05
1.864616067842045970e-05
1.812172473535152980e-05
1.760823204528879453e-05
1.710804183040005774e-05
1.661939500900937969e-05
1.615254836410815725e-05
1.571131367739041717e-05
1.530575380893619354e-05
1.493328910423168479e-05
1.459357131404556724e-05
1.427507918814621506e-05
1.397500566865699332e-05
1.368836498866068373e-05
1.342444574455870598e-05
1.318863880930917792e-05
1.299095669369219716e-05
1.282612199030899534e-05
1.268830875985876969e-05
1.256317155134015666e-05
1.245046125542294664e-05
1.235286158212421453e-05
1.228395999249186628e-05
1.224340127236542263e-05
1.222535956628784885e-05
1.221166864700676164e-05
1.219913850848622841e-05
1.219172702889018238e-05
1.220350982416581282e-05
1.222903040317315259e-05
1.225514664262680881e-05
1.226561494496725565e-05
1.226920472209866935e-05
1.227585794576320875e-05
1.228601933716512646e-05
1.227707699094913294e-05
1.224376369358467201e-05
1.219697257837713434e-05
1.214935411831780241e-05
1.208160847245070020e-05
1.198306056220161964e-05
1.186543006024875084e-05
1.174550355786301531e-05
1.160319254602544994e-05
1.143279684326942818e-05
1.125407642473548335e-05
1.107564048951624637e-05
1.087353154346992194e-05
1.066384433653902230e-05
1.046456632483651022e-05
1.026027609245492184e-05
1.005050688788118177e-05
9.865654756827558849e-06
9.683101383511442861e-06
9.509327720466893375e-06
9.364458533693616763e-06
9.227360808456627072e-06
9.107046493788136413e-06
9.015845039839695676e-06
8.923295372257847329e-06
8.860848782699620488e-06
8.797562293347516195e-06
8.745374846779511473e-06
8.697305008922754405e-06
8.641484402953406878e-06
8.588006278855388811e-06
8.516426634800961290e-06
8.441496220008015298e-06
8.346054953759326055e-06
8.243993434341673478e-06
8.125344705357281686e-06
8.002456905313792555e-06
7.871696931245354464e-06
7.743886870794256549e-06
7.618843392342555872e-06
7.504876939435647911e-06
7.401867306047837887e-06
7.314060610196074612e-06
7.238828796877836891e-06
7.175674425204071885e-06
7.119007279533579705e-06
7.065051916239135169e-06
7.007442653583064085e-06
6.942662524480690816e-06
6.867225214818072322e-06
6.781474160851609961e-06
6.687110697185259708e-06
6.589002795717291231e-06
6.492374022481387332e-06
6.402942106679404482e-06
6.324244907878724582e-06
6.257476573936057224e-06
6.200324937882504032e-06
6.148035004128896997e-06
6.094485440366426840e-06
6.034373721750374683e-06
5.965067799670435518e-06
5.887615952464235487e-06
5.806675208068167188e-06
5.728486690038113177e-06
5.658656998930100407e-06
5.599181332719793507e-06
5.547888119055450650e-06
5.498737421601979200e-06
5.445396242502853937e-06
5.383903154092503232e-06
5.315714565108765794e-06
5.246251483229228652e-06
5.182545157907767906e-06
5.127920029300662161e-06
5.080534359285481988e-06
5.033581603381586480e-06
4.981065904440047624e-06
4.921443973792662923e-06
4.859948781021914090e-06
4.803362304728522966e-06
4.755109859480364970e-06
4.711032972848328107e-06
4.664266387445588146e-06
4.611050242611703813e-06
4.555755311785789775e-06
4.505137242746509262e-06
4.461590199775993463e-06
4.419103606137328098e-06
4.371719339837076880e-06
4.320435053162121426e-06
4.273153437668385637e-06
4.232497851946747004e-06
4.192531970496123100e-06
4.146396138360083008e-06
4.098311951833099307e-06
4.056190772740407806e-06
4.019430669213693050e-06
3.978860033966143040e-06
3.934151726844053053e-06
3.893070352444771990e-06
3.856859433626783194e-06
3.817211270189285680e-06
3.775574385072554775e-06
3.739138261104849657e-06
3.704644288996728023e-06
3.664830815490735863e-06
3.626880023158569663e-06
3.593362217152418317e-06
3.556948065470062588e-06
3.520166058026771002e-06
3.488547403478056333e-06
3.453458885585133206e-06
3.418309626546306957e-06
3.386911707374546465e-06
3.352666416913275834e-06
3.320375856432783954e-06
3.290439386229128148e-06
3.256598205109956766e-06
3.227736950686553261e-06
3.195647085336136944e-06
3.165554146994338460e-06
3.136424981858669525e-06
3.106317076795111011e-06
3.078520013324140353e-06
3.048937237799215839e-06
3.021814934716486306e-06
2.992825023491098047e-06
2.966290549775476663e-06
2.938843915727405092e-06
2.912763802312124089e-06
2.886137899668436193e-06
2.860623692936662745e-06
2.834714112439057931e-06
2.809676336013271412e-06
2.784736079103395516e-06
2.760571001745919694e-06
2.736193709399124572e-06
2.712670093871621596e-06
2.688999985149859454e-06
2.665867829292224932e-06
2.642939060841383614e-06
2.620663601744468430e-06
2.598323939498141225e-06
2.576584224137829602e-06
2.554885055112293261e-06
2.533639239230801986e-06
2.512499498493128352e-06
2.491893255995129468e-06
2.471439966839107779e-06
2.451282371486873521e-06
2.431399953119437431e-06
2.411770229983269131e-06
2.392307054497964231e-06
2.373214351084116791e-06
2.354360532974315573e-06
2.335711659209538989e-06
2.317308155494471438e-06
2.299130385455210900e-06
2.281131546367138320e-06
2.263376112154429737e-06
2.245841374343945040e-06
2.228541935525640801e-06
2.211366166307506415e-06
2.194467290886892252e-06
2.177676544266037762e-06
2.161104256871058748e-06
2.144691774738644916e-06
2.128512239418941717e-06
2.112419753436348457e-06
2.096558447612220703e-06
2.080790270135335655e-06
2.065208573995329583e-06
2.049734422030825830e-06
2.034453091721048177e-06
2.019271717031270005e-06
2.004236689904684775e-06
1.989319490417206003e-06
1.974530053036011149e-06
1.959835087859174077e-06
1.945279729424553542e-06
1.930823443689288119e-06
1.916467004567053769e-06
1.902209515699444734e-06
1.888048120954125260e-06
1.873965640324220341e-06
1.859981057456232253e-06
1.846076556482927866e-06
1.832257486950614445e-06
1.818500470042817352e-06
1.804830022393243856e-06
1.791211645589456470e-06
1.777667456813979437e-06
1.764178289489043048e-06
1.750760816363809317e-06
1.737381122976367894e-06
1.724070102894682261e-06
1.710793113651286278e-06
1.697571627669168892e-06
1.684384113870510785e-06
1.671249523349335820e-06
1.658142412542747966e-06
1.645078727795188124e-06
1.632042289127453246e-06
1.619042117330260344e-06
1.606064018155874484e-06
1.593120921135835094e-06
1.580197760379773630e-06
1.567299209987804531e-06
1.554419155890654109e-06
1.541560944927899796e-06
1.528716381881423009e-06
1.515892002096776651e-06
1.503079406904407041e-06
1.490282678662359649e-06
1.477494877315050503e-06
1.464721024212536830e-06
1.451952282306205316e-06
1.439194679445256624e-06
1.426442144118869853e-06
1.413699711787889954e-06
1.400959039444570087e-06
1.388227632008312964e-06
1.375496818489118011e-06
1.362772050038503939e-06
1.350047230127898169e-06
1.337328018229577145e-06
1.324608254041033949e-06
1.311893645677861638e-06
1.299179501311081592e-06
1.286469282025458893e-06
1.273758072751836118e-06
1.261049487930295569e-06
1.248339939365985477e-06
1.235633995739322167e-06
1.222930431576667159e-06
1.210231778704174219e-06
1.197534631212935951e-06
1.184840183616040329e-06
1.172146200078965338e-06
1.159456637316974351e-06
1.146772266877339527e-06
1.134096634761392136e-06
1.121427103958816233e-06
1.108764269070965437e-06
1.096105842175690294e-06
1.083454927718039527e-06
1.070812720820460635e-06
1.058184277290043265e-06
1.045568864883054420e-06
1.032966872527325655e-06
1.020375704903541019e-06
1.007797571341055581e-06
9.952341020622266958e-07
9.826901027084657882e-07
9.701665018889862486e-07
9.576648163944857036e-07
9.451830498654895765e-07
9.327222822240474371e-07
9.202841350901101679e-07
9.078723419634304789e-07
8.954885036861539178e-07
8.831355579840139330e-07
8.708135136231674185e-07
8.585221298851588874e-07
8.462630998242852694e-07
8.340400763415700399e-07
8.218541490752635689e-07
8.097079496275062409e-07
7.976035582329515152e-07
7.855420848663441546e-07
7.735242636902431382e-07
7.615534900504151834e-07
7.496307621792373410e-07
7.377565213369320142e-07
7.259343605469457205e-07
7.141674856587477711e-07
7.024566733198999984e-07
6.908049097020798134e-07
6.792141948362211263e-07
6.676830378055417390e-07
6.562141473597324901e-07
6.448113078944447608e-07
6.334780630113714107e-07
6.222163613478927406e-07
6.110282363992648546e-07
5.999124420814268595e-07
5.888679362509318517e-07
5.778987649194864214e-07
5.670100605158579928e-07
5.562052497350448683e-07
5.454864812509999923e-07
5.348534272753497569e-07
5.243026799775206824e-07
5.138365811649559469e-07
5.034596423312772936e-07
4.931781354509258087e-07
4.829948119220586729e-07
4.729089774889901210e-07
4.629175691716199276e-07
4.530191935099904910e-07
4.432172873880207901e-07
4.335181733771008913e-07
4.239279582319775113e-07
4.144467588734156422e-07
4.050719283275548067e-07
3.957996389808329129e-07
3.866309505473703395e-07
3.775703271823268930e-07
3.686265538849722172e-07
3.598018643229934268e-07
3.510928475662995538e-07
3.424951898961524620e-07
3.340080381166424068e-07
3.256329562159050065e-07
3.173771663486703564e-07
3.092474136076331987e-07
3.012422044671996210e-07
2.933561290937662441e-07
2.855871309816144355e-07
2.779330986149719820e-07
2.703989868644124887e-07
2.629939368649904016e-07
2.557198669341402338e-07
2.485698859491607832e-07
2.415409484406253501e-07
2.346311848489022274e-07
2.278414946902022035e-07
2.211775923153504715e-07
2.146467348336333534e-07
2.082449210494925066e-07
2.019663872264851464e-07
1.958104883997199841e-07
1.897731140455620392e-07
1.838579894376736408e-07
1.780744373241045649e-07
1.724224805983734301e-07
1.668941735815533441e-07
1.614882014092761138e-07
1.562027639408272875e-07
1.510378861457208374e-07
1.459982570064170826e-07
1.410899365367525307e-07
1.363084045300093618e-07
1.316479139429110590e-07
1.271106035036170922e-07
1.226900559111169551e-07
1.183890506344379328e-07
1.142140183290111866e-07
1.101631917606393287e-07
1.062264037377441710e-07
1.024033343889944823e-07
9.868782194892810164e-08
9.507734139567859467e-08
9.157043736658413584e-08
8.816880461676679302e-08
8.486314175553949785e-08
8.164546074551900181e-08
7.851468715952053848e-08
7.546109325076138731e-08
7.248265846300571024e-08
6.958146519585400092e-08
6.675327155106185369e-08
6.398938145004969845e-08
6.129132758848873746e-08
5.865423560281738311e-08
5.607784513035817322e-08
5.356244558740305494e-08
5.111128424917802632e-08
4.872087835027130209e-08
4.638978629082204417e-08
4.412248245964292952e-08
4.191500029409483061e-08
3.976972127406032763e-08
3.769018377755819065e-08
3.567721368432093648e-08
3.372765008065242278e-08
3.184708066292847626e-08
3.003248457615547277e-08
2.828452414011641046e-08
2.660178366416042907e-08
2.498609762352235397e-08
2.343464700945802718e-08
2.194826930719411937e-08
2.052958813251056903e-08
1.917562384614967524e-08
1.788496948997081182e-08
1.665703983560201666e-08
1.548946811998150318e-08
1.437908580148879123e-08
1.332814054465418939e-08
1.233317422447126949e-08
1.139246147839523874e-08
1.050311622343906475e-08
9.664658404057456052e-09
8.875786168636658816e-09
8.136683123696727968e-09
7.446921349899871629e-09
6.801491033698219973e-09
6.195919086701057846e-09
5.626589057410394518e-09
5.092954130599772397e-09
4.595273957661134674e-09
4.136851476095675471e-09
3.715376629866809577e-09
3.327683398604239090e-09
2.966900736197294128e-09
2.629429070551506006e-09
2.313844042712822933e-09
2.022495879526791318e-09
1.757546209527892318e-09
1.519087114898644778e-09
1.302635447269209783e-09
1.102594626390361405e-09
9.171437743979249721e-10
7.475918884695608148e-10
5.947376855019585095e-10
4.576864762030134964e-10
3.338237082531692105e-10
2.195735251700901864e-10
1.150237804458672993e-10
2.339487879858276323e-11
-5.491651712025602982e-11
-1.223407904444229383e-10
-1.825773528690128172e-10
-2.383650772468319822e-10
-2.906506329198633848e-10
-3.363110378596950636e-10
-3.736835706933031123e-10
-4.026156432990639452e-10
-4.222721421396530466e-10
-4.363047217400099542e-10
-4.519990183024355123e-10
-4.709279142141235795e-10
-4.876553757795024633e-10
-4.982573504817370402e-10
-5.006024988605012987e-10
-4.932332437951276260e-10
-4.839590084915018256e-10
-4.830816736377652255e-10
-4.885073573330648885e-10
-4.910358470438231807e-10
-4.870880688084056978e-10
-4.731089607891401812e-10
-4.544084289044613910e-10
-4.412730222061155384e-10
-4.359739183840170948e-10
-4.322955446879633325e-10
-4.255141026771279965e-10
-4.104177725637566193e-10
-3.923602989700282745e-10
-3.759109575015878484e-10
-3.643340337624145084e-10
-3.557041358286578401e-10
-3.466055841990615727e-10
-3.358844267822173396e-10
-3.202637059390063331e-10
-3.048888948474386936e-10
-2.934147416776201940e-10
-2.854248655632214295e-10
-2.748105147366177561e-10
-2.635618135691002601e-10
-2.526923966314187002e-10
-2.398976081959205026e-10
-2.279096182895981204e-10
-2.203126557982792071e-10
-2.112663847475623761e-10
-1.998033924674104421e-10
-1.916345359844068404e-10
-1.824151436109637909e-10
-1.705739749869840926e-10
-1.643386891508484925e-10
-1.600561740184896476e-10
-1.518938055454810473e-10
-1.450083941947687634e-10
-1.370607332602654968e-10
-1.277339205401183560e-10
-1.186710974689137440e-10
-1.145814108935825425e-10
-1.110213851271902117e-10
-1.050936186971780547e-10
-1.005016728384310550e-10
-9.281109323024404795e-11
-8.515618095946964170e-11
-8.108690816255686182e-11
-8.087691181387158984e-11
-7.865031500112517444e-11
-7.681380872877467545e-11
-7.006125425022034044e-11
-6.313541760748684304e-11
-5.704746793387717054e-11
-5.529165712194686005e-11
-5.512777571595749656e-11
-5.367198453568976639e-11
-5.020538384124681644e-11
-4.366294365908756679e-11
-3.810776891591407557e-11
-3.560494459026305322e-11
-3.670705567585237330e-11
-3.726029518246389211e-11
-3.658453822492502032e-11
-3.234877147794233247e-11
-2.738839263287835299e-11
-2.434303556571961061e-11
-2.496106449371465604e-11
-2.637670872339968609e-11
-2.676646569239223279e-11
-2.539743573479335925e-11
-2.162150949203489789e-11
-1.780962508164087929e-11
-1.722917476394823140e-11
-1.859997726465433547e-11
-1.897453268537756589e-11
-1.860586735639259541e-11
-1.619414205340978335e-11
-1.254933644474500991e-11
-1.084518879201361952e-11
-1.191871909078860214e-11
-1.262314102883127326e-11
-1.247813951543833789e-11
-1.175432406410123533e-11
-9.323923113686348955e-12
-6.569624333831721878e-12
-6.629652516341114921e-12
-7.728083596052176303e-12
-7.494739086697171848e-12
-7.838384878035708779e-12
-6.633907467585252458e-12
-4.600623351445925600e-12
-3.876921080515291578e-12
-5.043924629077222538e-12
-5.299479337250310174e-12
-5.315992192962856973e-12
-5.186378820886691416e-12
-4.066826484769028413e-12
-2.667878135142424458e-12
-3.097654278330125221e-12
-3.970963453118979665e-12
-3.551675942901666050e-12
-4.056413651768307945e-12
-3.313125907923777250e-12
-2.221190747945670876e-12
-1.883776274204414766e-12
-2.728701045043413081e-12
-2.635261021783899975e-12
-2.745562089567180754e-12
-2.647713172769822163e-12
-2.151018188353002159e-12
-1.398292738222688534e-12
-1.656021994553604133e-12
-2.055708615750037801e-12
-1.695761872150130052e-12
-2.135109844456786138e-12
-1.748609488718090968e-12
-1.215835500066436603e-12
-1.093122082344856017e-12
-1.629504278355520070e-12
-1.423261155404137139e-12
-1.497047033385033607e-12
-1.371070380238941087e-12
-1.199109177688612504e-12
-8.582807878775551445e-13
-1.052123467154319876e-12
-1.233841704486720027e-12
-9.969074309733973176e-13
-1.239933290273536218e-12
-1.030489442659029215e-12
-7.737456275192259212e-13
-7.302936123700505281e-13
-9.959093938371435560e-13
-8.392496560964346937e-13
-9.720720869771924798e-13
-8.910582519977551199e-13
-8.350952402104971142e-13
-6.423540412244763231e-13
-7.352035571987624004e-13
-8.179601446881226402e-13
-6.920255881029755977e-13
-8.182383884715909118e-13
-7.253063757988102904e-13
-6.235069062063802249e-13
-6.081213898322631324e-13
-7.302225260993897135e-13
-6.230002318343503975e-13
-6.906286856583932421e-13
-6.167180744221817486e-13
-6.110604125275580383e-13
-5.443401575815368964e-13
-5.899345681581306668e-13
-5.970933153134484897e-13
-5.421059327570154106e-13
-5.843615174842114259e-13
-5.392999088438919688e-13
-5.042036364198462020e-13
-4.912167724027795562e-13
-5.349726958884821400e-13
-4.782374066901064401e-13
-5.070857084313360198e-13
-4.789637284427024252e-13
-4.653744195236031906e-13
-4.247783999901915370e-13
-4.427118017625513075e-13
-4.371219558098832956e-13
-4.119652228635421020e-13
-4.190805239672264509e-13
-3.983190225523082527e-13
-3.692581924977331196e-13
-3.603049822055819116e-13
-3.683420245993985410e-13
-3.385079521660877632e-13
-3.438846725984681639e-13
-3.194549355404555161e-13
-3.076005609148548126e-13
-2.867695849227574075e-13
-2.822829602286354749e-13
-2.679420302725779918e-13
-2.527645258052105080e-13
-2.445375409496940682e-13
-2.271799553948144944e-13
-2.123541194977097841e-13
-1.982627194989070665e-13
-1.918670719384716932e-13
-1.703864541528547768e-13
-1.638183904991857305e-13
-1.473785036000145942e-13
-1.360702767970067416e-13
-1.204742892578180652e-13
-1.126042682512737274e-13
-9.799327367812778521e-14
-8.548744579820759081e-14
-7.567928870873569833e-14
-6.554384484817532490e-14
-5.345009668833578308e-14
-4.518174192816543461e-14
-3.707040397953146071e-14
-2.580322540089516883e-14
-2.010478218063957182e-14
-1.305325652539811765e-14
-7.047656815651359691e-15
-1.252476077860263415e-15
2.411608038517801073e-15
7.146714382118182766e-15
1.016425587185987366e-14
1.161115877468315337e-14
1.264010753835431453e-14
1.326954938492977693e-14
1.320079455375472276e-14
1.190529418270070304e-14
1.190162019109399100e-14
9.151895196760751296e-15
7.384873794989992253e-15
4.066248986947423389e-15
1.817653093864230508e-15
-1.134627061086530070e-15
-3.106262644081637350e-15
-5.863080825593784732e-15
-7.837501943266529138e-15
-1.005819822571301070e-14
-1.148161563640268204e-14
-1.231989952961036638e-14
-1.247531236779165562e-14
-1.213305650126047807e-14
-1.143549271851408136e-14
-1.032225627420164171e-14
-9.036657978889579635e-15
-7.090616382187967147e-15
-4.841370432624303514e-15
-2.652979399717693582e-15
-5.459178162726659487e-16
1.184481356928887013e-15
2.597684488903423407e-15
3.526274744781918161e-15
4.256031329936919934e-15
4.446222123998128022e-15
4.130385615638729286e-15
3.426651693802556347e-15
2.337157963839138984e-15
9.532160338682209239e-16
-1.885440491377274164e-16
-1.110506336088869878e-15
-1.818556107684449112e-15
-2.157611948949005756e-15
-2.092452368276749799e-15
-1.718922830770688328e-15
-9.893079097097988577e-16
3.575036192138856301e-17
1.130275704292659273e-15
1.938094467341698777e-15
2.587602818668106146e-15
2.717693058236859226e-15
2.477235285567536176e-15
1.965862651946452629e-15
1.377413314120012670e-15
6.427463820466971561e-16
1.902905417604963296e-16
-7.283506493556826195e-17
6.183533273981640201e-17
4.504753509915901947e-16
1.116892589864065479e-15
1.705608420575502438e-15
2.071901801062289634e-15
2.140032907830323727e-15
1.863106842519771411e-15
1.359708051540437598e-15
9.255357004652885354e-16
7.017394365269240423e-16
7.393848613178572318e-16
1.068382586296693609e-15
1.491159573638484881e-15
1.789960203353523798e-15
1.845800531466096848e-15
1.650408091066941947e-15
1.322587513147420230e-15
1.044938506495649558e-15
1.051545042072098774e-15
1.263671580449813609e-15
1.566537197194583352e-15
1.728921556585939586e-15
1.667227323514495797e-15
1.389984634284351018e-15
1.212051040046096745e-15
1.222137221347276295e-15
1.445144980889760495e-15
1.631189542439327199e-15
1.641416213100935352e-15
1.441790349166404411e-15
1.288070422049101076e-15
1.338741853348589704e-15
1.532082150006073880e-15
1.614210414083418154e-15
1.512489884783806625e-15
1.361463475502257093e-15
1.376275351176595901e-15
1.529572729234563950e-15
1.586303062615626697e-15
1.464291145723276357e-15
1.382455960491460465e-15
1.469971442786983099e-15
1.568182956153852680e-15
1.496906070372857295e-15
1.413940986183206039e-15
1.473064212885334836e-15
1.552587372638875147e-15
1.481514599583650108e-15
1.435961770208837754e-15
1.506787533735031982e-15
1.531239823178343308e-15
1.449220899820725389e-15
1.481660481813943854e-15
1.528678454008641562e-15
1.474300888156893895e-15
1.471825316366394998e-15
1.527187734559614540e-15
1.474570789767349017e-15
1.485087762528199063e-15
1.516411417112464846e-15
1.475114835344668850e-15
1.498105983656059420e-15
1.505559144291025964e-15
1.475966231454081362e-15
1.513641273328976303e-15
1.482101113680533264e-15
1.501479537871773163e-15
1.495874481220512744e-15
1.491352301147618916e-15
1.502640767120062458e-15
1.488855689367514485e-15
1.503188087023416809e-15
1.490305746812288742e-15
1.501617941765537472e-15
1.492442143315386805e-15
1.500066051828569184e-15
1.494111728682552806e-15
1.499027762895665052e-15
1.495216492427424706e-15
1.498418790955298941e-15
1.495918956629221855e-15
1.498075261583480045e-15
1.496370256304356115e-15
1.497879137409551134e-15
1.496667110663983089e-15
1.497761082769779294e-15
1.496865435136065725e-15
1.497682723686057908e-15
1.496997103538958012e-15
1.497622873912418712e-15
1.497080707069242042e-15
1.497569547012275976e-15
1.497127486799602540e-15
1.497515693503374581e-15
1.497144482137792433e-15
1.497456957332873542e-15
1.497136214182401285e-15
1.497390475950789372e-15
1.497105611074319085e-15
1.497314219387253966e-15
1.497054535136299497e-15
1.497226613299091537e-15
1.496984094350694084e-15
1.497126315861207147e-15
1.496894832608609453e-15
1.497012080480852594e-15
1.496786849019342146e-15
1.496882667677983480e-15
1.496659873976546229e-15
1.496736785727934148e-15
1.496513317733850843e-15
1.496573048359412112e-15
1.496346300756311147e-15
1.496389942559339749e-15
1.496157671449295319e-15
1.496185802251643836e-15
1.495946014753745343e-15
1.495958785200246994e-15
1.495709653807194254e-15
1.495706851395061636e-15
1.495446646110187505e-15
1.495427741799287534e-15
1.495154775117721098e-15
1.495118956652691913e-15
1.494831537871027705e-15
1.494777732764014014e-15
1.494474129056949970e-15
1.494401019380627832e-15
1.494079421743313495e-15
1.493985452301051918e-15
1.493643944939558492e-15
1.493527325971479367e-15
1.493163858059488834e-15
1.493022563347650649e-15
1.492634922310900042e-15
1.492466683337300493e-15
1.492052469026110198e-15
1.491854765670165249e-15
1.491411364906737966e-15
1.491181413065753733e-15
1.490705974173318001e-15
1.490440710598967577e-15
1.489930117607152074e-15
1.489626182204675727e-15
1.489077028498800924e-15
1.488730744294368948e-15
1.488139305547773264e-15
1.487746656518083903e-15
1.487108862812843724e-15
1.486665469770632168e-15
1.485976876871140113e-15
1.485477971618176571e-15
1.484733731443692457e-15
1.484174129433764577e-15
1.483368959839521505e-15
1.482743031650545265e-15
1.481871185725682358e-15
1.481172827698757104e-15
1.480228062885742085e-15
