#    gamma 1               gamma 2           pos
-0.008243482861256172 -0.01719607775665567 [0, 0]
-0.006023758439631021 -0.0019959373511206796 [1, 0]
0.0009620438047893521 -0.00033913832222174446 [2, 0]
0.0005880879730791489 0.0046189924332149255 [3, 0]
-0.0006314867293062885 -0.008693128490482534 [4, 0]
-0.006987580095835218 0.0005184733376980261 [5, 0]
0.001431821167596796 0.007439919049219434 [6, 0]
-0.002357763820169439 0.004789197520821471 [7, 0]
-0.002996452490378134 -0.0025937331338394503 [8, 0]
0.012088972173066903 0.008187552978880238 [9, 0]
0.0067404234167430565 -0.0006994757546776816 [10, 0]
-0.005581434476143077 0.02052848837302097 [11, 0]
0.0032701837812038376 0.011126804597400241 [12, 0]
-0.006020420433502566 -1.4894489929428082e-05 [13, 0]
0.0035566829221647814 -0.004964894706179139 [14, 0]
-0.011534937426134798 0.0009855104570196424 [15, 0]
-0.00305103222935502 -0.003984278459914611 [16, 0]
-0.005931724905059941 -0.00026314343098164585 [17, 0]
-0.0025756837285594164 -0.0036967838807005654 [18, 0]
0.0006907452732707287 0.005191755509850827 [19, 0]
-0.0053340022847759355 0.013108702108350618 [20, 0]
-0.004484245435549136 0.017094741742891526 [21, 0]
0.004930943884237455 -0.0052519708990294515 [22, 0]
-0.00613513414924922 -0.002679248877097622 [23, 0]
0.00671912529342795 0.00032421104727144314 [24, 0]
-0.008422927869312879 0.00565532303037252 [25, 0]
0.0001983852544093198 -0.00423022476331571 [26, 0]
0.007672987034585784 -0.0018327837216048292 [27, 0]
1.5112484538540791e-06 -0.0066347406151311015 [28, 0]
-0.0025523298022997187 -0.006840358508101124 [29, 0]
0.0 0.0 [30, 0]
0.0 0.0 [31, 0]
-0.012922138466401287 0.0017652495931870815 [0, 1]
-0.007925560213415707 -0.009078377737660546 [1, 1]
5.801586669717388e-05 0.0005987444775024623 [2, 1]
-0.006673881267407948 -0.0004229566792308455 [3, 1]
-0.01047401754541427 -0.003836040652158459 [4, 1]
0.001154368733584263 -0.004986611999196294 [5, 1]
-0.0018871553874899875 -0.013772790895903816 [6, 1]
0.004918480638629995 -0.004852508454986755 [7, 1]
0.004456349297112121 -0.003862325421237853 [8, 1]
0.007508852885862342 -0.013993221436170012 [9, 1]
-0.003126400952225532 -0.011909747632944567 [10, 1]
0.0013660609194844422 0.009239686166619309 [11, 1]
0.0012853339941512906 0.009750646413719692 [12, 1]
-0.004711991217223076 -0.01299868658230281 [13, 1]
-0.0001895657371140423 -0.013997625040119487 [14, 1]
0.009828329475841068 -0.006815650183901912 [15, 1]
-0.0050512882011804995 -0.01715523529126056 [16, 1]
-0.01266738840375272 -0.007135343684146005 [17, 1]
0.0050221915475773685 0.002009488731433587 [18, 1]
0.005615442461363498 0.018847662984383288 [19, 1]
0.020301108975035176 0.00810705690737007 [20, 1]
0.005763022415698389 -0.0025540044455165034 [21, 1]
0.008537359374909714 0.0012573012176809663 [22, 1]
-0.0039927836904170965 -0.0023545559513238044 [23, 1]
0.0021282323914748585 -2.0888915302394035e-05 [24, 1]
-0.008148446081994621 0.011106075274971209 [25, 1]
0.00102959675254911 0.012996795082902095 [26, 1]
-0.007549608525599605 0.00863783008969108 [27, 1]
0.004024958385799583 -0.01444281644180012 [28, 1]
-0.004192098228261826 -0.0035225699493491003 [29, 1]
-0.0006950875996223079 -0.011328808080321334 [30, 1]
0.0 0.0 [31, 1]
-0.025861887055194117 0.003507766874901123 [0, 2]
0.004043564947815989 0.015549511928907765 [1, 2]
-0.004368361299970417 0.0028443454406798254 [2, 2]
-0.0022292871143065177 0.0004110468236390122 [3, 2]
0.0029232192316457103 -0.0035956868390294014 [4, 2]
-0.003577435182217073 0.006779525795924141 [5, 2]
-0.006481005313306926 0.0068335244456665025 [6, 2]
0.01091629324567718 -0.005021643826610034 [7, 2]
0.0021349692166866253 0.0102651276269284 [8, 2]
0.0028819166222788877 0.011478833659242028 [9, 2]
0.0024572379784245347 -0.0033115786542498612 [10, 2]
-0.015322723053976386 -0.004649683819754577 [11, 2]
-0.008729755017156143 0.005978495512620491 [12, 2]
-0.005446473306160031 -0.00022272487429473778 [13, 2]
0.0023723612674941435 0.014237749335071229 [14, 2]
-0.02737057450435986 -0.0019352032365974878 [15, 2]
-0.007282982841658411 0.005435422108991369 [16, 2]
-0.009348344096944601 0.0009044483195060839 [17, 2]
-0.0033904381450109416 -0.0013195113327241646 [18, 2]
0.002951011148558797 0.012043465657202284 [19, 2]
0.005675071377780901 0.0036747469799979435 [20, 2]
-0.004217898981684106 -0.010729216134866779 [21, 2]
-0.008656745230565158 -0.0007320408174206144 [22, 2]
-0.005080959626952902 0.0026122957663727324 [23, 2]
-0.0007467359145896925 -0.007434705528345331 [24, 2]
-0.00021162634432371111 -0.0035531560680493114 [25, 2]
0.0012075784760703274 -0.003435483661379662 [26, 2]
0.0013451563262802666 0.004871805364404157 [27, 2]
0.003327059808651137 0.005456613034243927 [28, 2]
-0.0026732449691702245 -0.00626711110865546 [29, 2]
-0.005135724344680335 -0.0025983231711112177 [30, 2]
0.005795114427633635 0.0036115758478114657 [31, 2]
0.010494078515785711 -0.00760105560886926 [0, 3]
-0.003656624683665111 0.0098815122202722 [1, 3]
0.01015637878543981 0.0128649252376639 [2, 3]
-0.010597083631289047 0.005105645814388239 [3, 3]
0.0020502834660046714 -0.008387958709138998 [4, 3]
0.010797181297512498 -0.02559396185299908 [5, 3]
-0.007632848002608483 -0.0007652361279749084 [6, 3]
-0.011343915703311207 0.00328654531994366 [7, 3]
0.01289474426074309 0.00292748752371896 [8, 3]
0.0105391215933197 0.006464377526907172 [9, 3]
-0.016578612336244053 -0.009541606219815939 [10, 3]
-0.01680021096854558 -0.03485896562701737 [11, 3]
-0.0032313743101406458 -0.0017801607252941063 [12, 3]
0.020326753883404453 -0.00020026979684085148 [13, 3]
-0.005999235804050866 0.011348067581699492 [14, 3]
-0.01426481057116538 0.0053076787823508175 [15, 3]
-0.0071502964897740846 -0.006620788560712809 [16, 3]
0.003334016583301326 -0.004734916863422757 [17, 3]
0.010592084036189024 0.00935941988198932 [18, 3]
-0.01191637183261175 0.000878337257547156 [19, 3]
-0.0004601585666325432 0.006081589212719517 [20, 3]
-0.00844125196141855 -0.0024405747337019152 [21, 3]
0.0026743642320109584 0.011739717192792149 [22, 3]
-0.006747756648807073 -0.0007902553964683995 [23, 3]
-0.014765599394983666 -0.002675948458458753 [24, 3]
-0.00305904346019938 0.008619445768454187 [25, 3]
0.009353014450637416 -0.013042072970281324 [26, 3]
-0.0038288648719937957 0.007894058972629247 [27, 3]
0.004691891404147142 -0.00853184786080612 [28, 3]
-0.0008033593651593635 -0.007628615783511346 [29, 3]
-0.00022088573796411184 -0.004084425303561158 [30, 3]
0.004433078568090527 -0.002190773902476051 [31, 3]
-0.015678225069084797 0.0005267167516779086 [0, 4]
-0.004223508905476898 -0.0036299400293369716 [1, 4]
-0.003332272899511945 -0.011683487083453587 [2, 4]
-0.003185842357196824 0.006546888471123124 [3, 4]
-0.008273463178084198 0.020196544925427374 [4, 4]
0.016864781693776826 -0.010906167857485596 [5, 4]
-0.018170459176308697 -0.0037993577155396394 [6, 4]
-0.01616495901826767 -0.005114205596156488 [7, 4]
-0.004175176980890417 0.007257593448496995 [8, 4]
0.0082529717248721 0.0007147164878944504 [9, 4]
-0.0009981911168368124 -0.009703923712880072 [10, 4]
-0.0084082408360178 0.006926130901522396 [11, 4]
-0.005147019495135487 0.0027014274578418505 [12, 4]
-0.012491138031099573 0.0008764011776388564 [13, 4]
-0.0024483832543262425 -0.004157898977005489 [14, 4]
0.0018420091436664764 -0.00033333722507057715 [15, 4]
0.004164470050819409 0.0005449682693241904 [16, 4]
-0.003244597197138045 -0.006364479905654708 [17, 4]
-0.0014834046256252112 -0.004540121805481639 [18, 4]
0.00568361274210762 -0.004689256146501762 [19, 4]
-0.00673918394148315 -0.0008869622767094133 [20, 4]
0.013758154611559081 0.0009395634548836949 [21, 4]
-0.0006025596580746267 0.01015563120152754 [22, 4]
0.015276814866954258 0.00014890526754393548 [23, 4]
0.006204045732408222 -0.00042119297824627536 [24, 4]
-0.0016655200352358418 0.0007117877965637006 [25, 4]
-0.0009056177802360264 -0.0015480078900432716 [26, 4]
-0.014292909414181338 0.01497083835781402 [27, 4]
-0.0017946596125383892 -0.005385605636860162 [28, 4]
0.003289660613821408 0.00029647747804682794 [29, 4]
-0.0030272406540302094 -0.002089882973861089 [30, 4]
-0.004378005989234184 -0.0014696104849636583 [31, 4]
0.021522847144122045 -0.0022696961634868403 [0, 5]
-0.0017436410512519734 -0.007896748874077755 [1, 5]
-0.01951867294537088 -0.004442006104479116 [2, 5]
0.010046031739260941 -0.009165280140113431 [3, 5]
-0.002712714293802914 0.004401070279191344 [4, 5]
-0.012984389543861123 0.0016047739129264708 [5, 5]
0.003307485845835907 -0.0008351700253387535 [6, 5]
-0.003005972086522155 0.011153594053622486 [7, 5]
0.0009448887290627358 -0.013754558209226102 [8, 5]
0.0019739896232818226 -0.01110910995786931 [9, 5]
0.007340345709146623 -0.007715602416794426 [10, 5]
0.006302147988280873 0.0005583539104040413 [11, 5]
0.0017034514562198452 -0.013127280166341628 [12, 5]
-0.024374645905241445 -0.003472654704891428 [13, 5]
0.01944333475679497 0.00785467161091951 [14, 5]
-0.0019453343549448996 -0.0049064732114789825 [15, 5]
-0.0015541515840536797 -0.00024375295707631842 [16, 5]
-0.0180289823742302 0.007081850839850799 [17, 5]
0.0184835851226197 0.008185666139774523 [18, 5]
-0.008539601711484933 -0.005686382835339373 [19, 5]
-0.006298333540837113 0.00032720535259149773 [20, 5]
-0.000351144772982251 -0.0038038287631833117 [21, 5]
0.013507109606428749 -0.015657333766047495 [22, 5]
-0.0018162713753426393 -0.009936587117214471 [23, 5]
0.005924351409845105 0.0014933857969588033 [24, 5]
-0.003287437656331186 -0.0045794066358236865 [25, 5]
0.019126038333603157 0.005448073796921256 [26, 5]
-0.0030823772262306374 0.005168433248037687 [27, 5]
-0.000766859333690271 -0.00012970434347919245 [28, 5]
-0.004763779445821399 0.008778094765013192 [29, 5]
-0.00558569210432396 -0.00037683486860503847 [30, 5]
0.0010743761340024976 -0.008910013421595716 [31, 5]
-0.005452496977149797 -0.008001829724819873 [0, 6]
0.009275679588744905 -0.0022875237881387154 [1, 6]
0.008301295021282839 0.008750579208887652 [2, 6]
0.0047686196408723265 0.012666351107408704 [3, 6]
0.019162246108361793 0.007112146105996914 [4, 6]
-0.018896660139180656 0.0001561048100796 [5, 6]
0.004486226114839437 0.0021638288255155023 [6, 6]
-0.00950779058147162 -0.000375738842559669 [7, 6]
0.012942795937436089 -0.001284151274289836 [8, 6]
-0.0022149954556459116 -0.001444679212857321 [9, 6]
0.026541115429815142 0.016774917629864328 [10, 6]
-0.025140708157226303 -0.013081077511893491 [11, 6]
0.008155171703064904 0.006277002407493285 [12, 6]
0.012679558591817188 -0.00474545891517004 [13, 6]
-0.008968473612955009 0.0020139879397681384 [14, 6]
8.937223223499316e-05 0.026114726083172755 [15, 6]
-0.006889136323315586 0.010327062897132562 [16, 6]
0.0014915001238094692 0.010550675640150142 [17, 6]
-0.0008790962208419459 0.008832924909560894 [18, 6]
-0.003671414520917522 -0.007649194564801185 [19, 6]
0.004777975018754832 -0.0018655401978531307 [20, 6]
-0.010889158145914192 0.008768092041296877 [21, 6]
-0.0006499463651030495 0.011964311372948172 [22, 6]
-0.017183918616421986 0.0027039762197464566 [23, 6]
0.0046981518414399275 0.005380671667885999 [24, 6]
-0.00125432755246867 -0.006643395308769167 [25, 6]
0.0053058556980374386 -0.0006986276046189841 [26, 6]
0.008975618333912343 -0.0014907561001236303 [27, 6]
-0.007815623655177587 0.0031257690532929512 [28, 6]
0.00996101665850289 0.0030692163471006217 [29, 6]
0.0020382663310704267 -0.0017110982394901704 [30, 6]
-0.0020680303167459396 -0.0045947628586495304 [31, 6]
0.0031211902728453043 -0.0055759861787832545 [0, 7]
0.004204066396766239 -0.005730983152790419 [1, 7]
0.002956506249779965 -0.003785134458695545 [2, 7]
0.0016601328525402681 -0.002414861707579978 [3, 7]
-0.008667897324448674 -0.011699297699937343 [4, 7]
-0.0007583582064724669 -0.007122886974666231 [5, 7]
0.010993296600965135 0.00040215801475554114 [6, 7]
-0.02949175891123866 0.0033105081662599635 [7, 7]
0.019224410673581955 -0.0006076264375726658 [8, 7]
0.0030440308682684373 -0.010226136367965231 [9, 7]
0.014242596482343422 -0.006541557213283506 [10, 7]
0.0027321089486767695 0.002287082071285647 [11, 7]
0.000834243228037769 0.0027196803462208588 [12, 7]
0.01440843028814731 -0.02574499863301546 [13, 7]
-0.014287170525524213 -0.0046569424596048506 [14, 7]
-0.0015588934391489676 0.013571707956337602 [15, 7]
-0.0006391868489977489 -0.002374660289929761 [16, 7]
0.007143513044107167 -0.005228285477951388 [17, 7]
0.00664019168413763 -0.006325183522315818 [18, 7]
0.0019404242093391444 -0.01042161994788155 [19, 7]
-0.015864558398668883 0.00010455118039181617 [20, 7]
-0.015908997593814134 -0.010520540361470418 [21, 7]
-0.016555621863827755 0.0022108739454157187 [22, 7]
-0.007398628234371538 -0.009515180770941399 [23, 7]
0.005011332225959406 -0.015335915453090062 [24, 7]
0.001370405877947306 0.008290682051752842 [25, 7]
-0.005452852323689959 -0.018165362353128094 [26, 7]
-0.008663958348606804 0.006582227383965126 [27, 7]
-0.005210050642275455 0.0029058820325631256 [28, 7]
0.0021651097895461825 -0.0006768700206286875 [29, 7]
-0.004553387662836295 -0.0010587533007857708 [30, 7]
0.002039478482435732 0.009420261700145984 [31, 7]
-0.007119260375158277 -0.00563956014859807 [0, 8]
-0.009920043743059376 -0.0008953968503585528 [1, 8]
-0.01853617963337068 -0.006772445262074483 [2, 8]
-0.010588985999786603 0.006901723438305019 [3, 8]
0.007513502508996227 -0.00930557799372655 [4, 8]
-0.0042824394992530095 -0.0006861695259488567 [5, 8]
0.017463751803481652 0.0075972756674751885 [6, 8]
0.005284195603580484 -0.006143091974888285 [7, 8]
0.009309967154734897 -0.002816977518174532 [8, 8]
-0.009335349286631569 0.00736193317069489 [9, 8]
0.0011455185391061873 -0.006686671877435944 [10, 8]
-0.008098475209519977 -0.005743907390685069 [11, 8]
0.012338811246964053 -0.00852099061171566 [12, 8]
-0.00010690580644446587 -0.007669707232164911 [13, 8]
-0.010580728435391921 -0.01873112321641831 [14, 8]
0.004124184722205586 -0.005908929062760128 [15, 8]
0.007193839645220286 -0.005106003538530788 [16, 8]
0.012399974293708342 0.005271484678569914 [17, 8]
-0.00802280878237823 -0.022714498500165704 [18, 8]
0.005785111281795035 0.006866559812053627 [19, 8]
0.00320853974048768 -0.008021967899429466 [20, 8]
0.003654679817242497 0.007612768551155937 [21, 8]
0.00102644597500799 -0.0009154823621513557 [22, 8]
0.003546033608109873 -0.002913666684400529 [23, 8]
0.005614200253997101 0.008243231371848713 [24, 8]
-0.00510956097374986 9.123396998035916e-05 [25, 8]
0.010232592328039953 -0.008931757707956744 [26, 8]
0.0013740052208167965 0.0012213674574631129 [27, 8]
-4.0272891192987066e-05 -0.0005044758085969006 [28, 8]
0.0017420174315984133 0.003436769177310189 [29, 8]
-0.003101509159651921 -0.004640030821849791 [30, 8]
0.001746418880015354 0.0029297550253445295 [31, 8]
-0.007406975330044275 -0.013568358160270763 [0, 9]
-0.0029492812374883417 -0.005593695808015426 [1, 9]
-0.003494631983469013 -0.013093772226080866 [2, 9]
-0.021312678941011885 -0.014564974039300804 [3, 9]
1.6380424088233696e-05 -0.014405621720584082 [4, 9]
-0.011731247686810487 -0.005511326816497191 [5, 9]
-0.0006908656112670281 8.208663858140362e-05 [6, 9]
0.013486139166098773 0.008630023309905801 [7, 9]
-0.01675597595490364 0.002859033063310962 [8, 9]
-0.005507389187465267 0.0062995081675344695 [9, 9]
-0.022527491125124147 -0.003867941275085531 [10, 9]
0.0041150788069008425 -0.006926616873391488 [11, 9]
-0.025913116219369894 -0.025433572738899454 [12, 9]
0.01862697428523475 -0.0157403522279916 [13, 9]
-0.011213535059796484 -0.004136120324633883 [14, 9]
-0.008325693131566345 0.020278467185307063 [15, 9]
-0.009916273443211224 -0.006786478088946595 [16, 9]
0.0046158668033445755 -0.0062101758673118995 [17, 9]
-0.019233170672082783 0.010702856675959337 [18, 9]
0.006021262067790008 0.01784150891045856 [19, 9]
0.005167075583904165 -0.0016197017926078978 [20, 9]
0.006734147900766108 -0.007054473639675732 [21, 9]
0.008409073006561905 0.005989714527579877 [22, 9]
0.005911104548267395 -0.0046076131272114506 [23, 9]
0.010493821287225254 0.011165611835578093 [24, 9]
-0.008111547330654327 -0.011028046429457816 [25, 9]
-0.00026554895974535177 -0.0019421969615497998 [26, 9]
-0.004991701515912015 0.0022311372965000457 [27, 9]
-0.0019345399374801648 -0.0012105793198697431 [28, 9]
-0.004576623486509269 0.005532615107738796 [29, 9]
-0.003694696475102761 0.0021771665810952075 [30, 9]
-0.010281531103102929 -0.014675244945260714 [31, 9]
0.012181144327693093 0.014902816653265158 [0, 10]
-0.001138273343798464 0.002600215315647459 [1, 10]
0.0008266276534479508 -4.334442783803555e-05 [2, 10]
-0.002080353228802244 -0.012562352031031806 [3, 10]
-0.010564982343870799 0.009368009616973125 [4, 10]
0.0005639276892716244 0.009794977520279278 [5, 10]
0.012068458488271339 -0.0030491655558672454 [6, 10]
0.00768072457547526 0.005342345020041056 [7, 10]
-0.019202682600357273 -0.028859438510126362 [8, 10]
-0.016741174633698966 0.006330715985658006 [9, 10]
-0.013694520306252782 -0.0005746158964258297 [10, 10]
7.835436191479657e-05 -0.0029029995312054462 [11, 10]
0.0035179231910974244 -0.012916050581157395 [12, 10]
-0.011772477605674164 -0.0029762247212154836 [13, 10]
0.010764782868829087 0.016675585288107083 [14, 10]
-0.014941964929549266 -6.738645079437594e-05 [15, 10]
0.0005855654072117588 -0.0033906457057899936 [16, 10]
-0.008807996954151501 0.00604151005260118 [17, 10]
-0.011083287679322379 0.0028521282261395916 [18, 10]
0.00010211809233655962 0.0021915880706697435 [19, 10]
-0.004096000995768226 0.0017107856513324414 [20, 10]
-0.020793124246866475 -0.0033637728040571842 [21, 10]
-0.006573146189277769 0.009104586412895549 [22, 10]
-0.011902271231102836 -0.00245786969111934 [23, 10]
0.003256461421331513 -0.009144964022640109 [24, 10]
0.007196903021151451 -0.005224359569746703 [25, 10]
-0.01154001906837697 0.0007611921437616288 [26, 10]
-0.0011563821494018846 0.010503108969114444 [27, 10]
0.006019898310476194 0.005452970179265387 [28, 10]
-0.015437618375268934 0.005942965437543516 [29, 10]
0.0019542342079944775 -0.003531573324935147 [30, 10]
-0.00432043796467202 -0.00031943575074880635 [31, 10]
0.004161596799837702 -0.011289058341723253 [0, 11]
0.008431697183854451 0.009870387993453328 [1, 11]
0.0050655733672527485 -0.007113216540336542 [2, 11]
0.006428945325965034 0.00477867919924552 [3, 11]
-0.005659943577592126 0.006954577878088218 [4, 11]
0.012862678759256046 0.012370231590405113 [5, 11]
0.008257925895072717 -0.00659154685603799 [6, 11]
-0.007940340683989286 0.0023742293330386533 [7, 11]
0.0038279569667858068 -0.00148777328931626 [8, 11]
-0.002302931803285166 0.0008455366747190375 [9, 11]
0.013085894871636939 -0.004472883182190463 [10, 11]
-0.0022230047511812285 0.01245195005162689 [11, 11]
-0.004616900826925216 0.0008654882017238184 [12, 11]
0.0032125289480955444 -0.002444424671433397 [13, 11]
-0.0045767810715513875 -0.01459073080230135 [14, 11]
0.017150692130343356 0.009323304869640019 [15, 11]
0.0008769949201611657 -0.008920220431684946 [16, 11]
0.00810960014938032 -0.006875902751661774 [17, 11]
0.01008912854174812 -0.011440222761380502 [18, 11]
-0.0045138003142085326 -0.009930195224274472 [19, 11]
-0.00680011875385997 -0.009056933779410015 [20, 11]
0.016609308039116193 -0.011725454791661368 [21, 11]
-0.0064551613943198355 0.004284133900526714 [22, 11]
-0.0012614368435033508 -0.0025764320386429734 [23, 11]
0.009391770895264684 -0.00846926425847868 [24, 11]
0.0006116043148592093 -0.0025114243603779713 [25, 11]
-0.01700418839790624 0.0011796605446900998 [26, 11]
-0.0012183673216740124 0.0013116240322628672 [27, 11]
-0.00101081920547134 0.003838748416036769 [28, 11]
0.005422816263760999 -0.004414496183632036 [29, 11]
-0.015041870608105952 -0.002804399507516938 [30, 11]
0.007050452811569603 -3.971838949828639e-05 [31, 11]
-0.011433618960631544 -0.015837556351824954 [0, 12]
0.012202183571828947 -0.004306326069777144 [1, 12]
-0.010347207624256003 0.004191582957449357 [2, 12]
-0.005720021443451162 0.018260908953644975 [3, 12]
-0.014840653079555288 -0.013042694405526469 [4, 12]
0.003073020277640725 -0.006636096688766742 [5, 12]
0.016679336304357775 -0.012439978221546045 [6, 12]
-0.006453240997660565 0.016036764964372004 [7, 12]
-0.001856075422151951 0.008348204986629783 [8, 12]
-0.0061193560626534626 -0.004660153054883017 [9, 12]
0.007292233057970259 0.004383970291284875 [10, 12]
0.00019672236281707088 0.005834311039210955 [11, 12]
0.004702896429612437 0.0048276648881349 [12, 12]
-0.006864719370231249 -0.008646994908382827 [13, 12]
0.017063393214058725 0.029702143211449393 [14, 12]
-0.005810701048916311 0.0014976752664375024 [15, 12]
-0.01337809891459661 0.0023445831617150874 [16, 12]
0.0044307097414044185 0.002028297571731547 [17, 12]
0.007491505239052868 -0.0074673861339948355 [18, 12]
-0.012972680735358469 0.0059529176809806385 [19, 12]
0.016589113882824462 -0.005765591998860621 [20, 12]
0.008459894760161771 0.003158180214094496 [21, 12]
-0.002966478715073826 -0.0013902379563669946 [22, 12]
-0.017895249427328678 0.015384173699412173 [23, 12]
-0.0015937995155443387 -0.006946347505089376 [24, 12]
0.004736815123489707 0.00857305290612405 [25, 12]
0.0018790755487376302 -0.0018229658428733494 [26, 12]
0.005274056221301195 -0.0016575237858232133 [27, 12]
-0.002408468460755117 -0.0034665424219220966 [28, 12]
0.007071784137291209 0.003477426160536031 [29, 12]
-0.010404149662266245 0.005669660272999618 [30, 12]
-0.010918796247278912 0.00511429357696588 [31, 12]
-0.008563391911527456 -0.0037075675969788454 [0, 13]
0.007595532662279481 0.0012547496997680101 [1, 13]
-0.01460256562161211 -0.002789924875081887 [2, 13]
0.011831094213448105 -0.022733568748672273 [3, 13]
-0.00016234675196528508 -0.006332058506077293 [4, 13]
0.012378253625318983 0.0014285036739923684 [5, 13]
-0.003296848107572486 -0.005651685142114502 [6, 13]
-0.015761642307272655 -0.007049454563736499 [7, 13]
0.007450360853662459 -0.006033798833012672 [8, 13]
0.003001345318198415 -0.001463006845768823 [9, 13]
-0.002542082437922283 0.01605983036044584 [10, 13]
0.004087266683593424 -0.006755363098286319 [11, 13]
0.005940509405905245 -0.0017062513185141254 [12, 13]
-0.008686293672548957 0.009963921333539134 [13, 13]
0.007179932232076574 0.0007827326103151322 [14, 13]
0.006075789024153691 -0.0027635312556774706 [15, 13]
0.003702444160846216 0.0004998754610363996 [16, 13]
-0.001928050965397927 0.007105929723046513 [17, 13]
-0.015037526055886952 -0.0046733451635704686 [18, 13]
-0.001312740197805616 0.022363265831913472 [19, 13]
-0.01259746692196082 -0.004576189491520075 [20, 13]
0.006973083485919036 0.010512427420030971 [21, 13]
0.001708963791936928 0.018413047760350555 [22, 13]
0.01915732405440026 0.00042962897453189733 [23, 13]
-0.01833510486029566 0.006360918563794935 [24, 13]
0.0035426301452378883 0.00014607442828236107 [25, 13]
-0.014269512122327693 -0.0022594833136768697 [26, 13]
0.013742980033200337 -0.006159054611053434 [27, 13]
-0.012819503632679695 -0.005041242098397761 [28, 13]
-0.016337790042141843 -0.0038477192835080615 [29, 13]
0.01747884537491372 -0.005088807513272456 [30, 13]
0.01268231929214589 0.011152076719050111 [31, 13]
0.0005215592949660162 -0.01988722636762272 [0, 14]
-0.038197790489481624 0.010462525140193107 [1, 14]
8.143869681258794e-06 0.0009660423049536951 [2, 14]
0.014370583713382316 -0.013053360895918298 [3, 14]
-0.0029197244569152438 -0.001781625551730837 [4, 14]
-0.00036947419886061933 0.00977969544294235 [5, 14]
0.0011590009786316337 0.010820923672019062 [6, 14]
-0.02454803112500068 -0.008886656521244075 [7, 14]
-0.005628586588400986 -0.012570886375839531 [8, 14]
-0.0049006407224699185 0.02988595326269495 [9, 14]
0.0077221703153161295 -0.00325824749563304 [10, 14]
-0.01718067743149914 0.005676718912219142 [11, 14]
-0.00909263232976755 -0.002730560252087938 [12, 14]
0.017981659027195798 -0.0018370328618495296 [13, 14]
-0.0045106997260583965 0.006024316563482727 [14, 14]
0.014773694973543921 0.007801789867183537 [15, 14]
-0.001687842680038383 -0.001963756503188685 [16, 14]
-0.01388190059457632 0.01432763052008907 [17, 14]
0.0005066169016286975 0.005705406884066385 [18, 14]
-0.029817553797718506 -0.004789528493807367 [19, 14]
-0.010147702470253463 0.006648055448783269 [20, 14]
-0.008476366534925386 -0.0005829909390898403 [21, 14]
0.0026243865294627382 0.006107017482794998 [22, 14]
0.00850385867467087 0.007559336741326432 [23, 14]
-0.010331455861509855 0.018791458912161697 [24, 14]
-0.0011735033522295261 -0.004969479132178287 [25, 14]
-0.006036340333327188 0.017123283948276353 [26, 14]
-0.0036156920526560134 0.0057958512529893685 [27, 14]
0.004852588019478483 0.01076298406419039 [28, 14]
0.007718752481577096 0.029455488979086106 [29, 14]
-0.022884616529864833 -0.0056539162231895685 [30, 14]
-0.007214704160838905 -0.0005627570386586811 [31, 14]
0.020010424420080254 0.019701452509604672 [0, 15]
0.005263820976436771 0.011418478313490204 [1, 15]
0.013800442944295627 -0.001914576135315161 [2, 15]
0.0025907265986241873 0.002225342097961861 [3, 15]
-0.0023342867554760668 -0.004047010751909364 [4, 15]
-0.011926929735476197 -0.000446575238946524 [5, 15]
0.018002259694447596 0.0036567114355584144 [6, 15]
-0.0283186947170994 -0.01114302163093389 [7, 15]
-0.005769318704147743 0.01346724390815444 [8, 15]
-0.014385556852810615 -0.0021888483454423234 [9, 15]
0.008153460336150428 0.004252181557262137 [10, 15]
-0.005417731710798746 -0.020337934917825644 [11, 15]
-0.009005188522695025 -0.024684610620049757 [12, 15]
0.007090830164421502 0.02158518391913055 [13, 15]
-0.0033468881859590534 0.006000152278771435 [14, 15]
-0.011249927783309417 0.0031369488155005183 [15, 15]
-0.014797672434290834 -0.007403018938637526 [16, 15]
-0.01914921471893284 -0.0011750794386948223 [17, 15]
0.005692530817775083 -0.012692619631066283 [18, 15]
-0.003812102487298095 8.974287049148754e-05 [19, 15]
0.006153348280201719 -0.01105669425650666 [20, 15]
0.009044641203381396 0.013173484390768458 [21, 15]
0.008795663260244972 0.002178441689026213 [22, 15]
0.007486878895413543 -0.008337987198478723 [23, 15]
-0.010951662223959718 0.003841137865403369 [24, 15]
-0.008839309065169443 -0.009562206659641324 [25, 15]
-0.0032628873608800115 0.004043130162399364 [26, 15]
0.002183115704956229 -8.610493770353703e-05 [27, 15]
0.003757308334420013 0.015459216783607217 [28, 15]
-0.016344841947143154 -0.011133653419820196 [29, 15]
0.00918320089008295 -0.004312646163148888 [30, 15]
-0.002169912899251614 0.0020602982022027054 [31, 15]
0.0054859799016348096 -0.007021774892982366 [0, 16]
-0.005443545646585623 0.0009514167140066942 [1, 16]
0.01793992160276942 0.0005956365752253376 [2, 16]
-0.011126758226231404 -0.006097047059023651 [3, 16]
0.005422739873775113 -0.011177118514111616 [4, 16]
0.008014210390426279 0.014892385569292153 [5, 16]
-0.009919941822066425 -0.011384055205498187 [6, 16]
0.003658203919597702 0.004228137967532841 [7, 16]
-0.009582177245582538 0.0035444936225457165 [8, 16]
-0.010829637496187573 0.005817304161990572 [9, 16]
0.005855030183493383 0.005537727686628378 [10, 16]
-0.006923771709962836 0.004278135966414259 [11, 16]
-0.023222871209881545 -0.006262165714379936 [12, 16]
0.013940286784213633 0.019475307214490468 [13, 16]
-0.004708778037553719 -0.01185097567251922 [14, 16]
0.01231762806893522 -0.019665541388467593 [15, 16]
-0.004177774745362098 -0.01240975315764392 [16, 16]
-0.009004373038874403 -0.015812192900040614 [17, 16]
0.015614458211870193 0.007435802729007771 [18, 16]
0.004128172583161794 0.0013462256460148563 [19, 16]
-0.004166300681150985 0.002213405664039263 [20, 16]
-0.01238997188173455 -0.0025229121870782756 [21, 16]
-0.002125888851353787 0.005428467398182126 [22, 16]
-0.004411008182709769 -0.009268957441021144 [23, 16]
-0.01594670680294538 0.00293963234121134 [24, 16]
0.003770686730928269 -0.006464803147595179 [25, 16]
0.005579851468904751 0.004031444278877908 [26, 16]
0.014708577635811222 0.0077024427380985834 [27, 16]
0.02141180265404735 -0.00032209015816342005 [28, 16]
-0.020210940510429494 -0.007565233903149211 [29, 16]
-0.009935661149411976 -0.002157874902048197 [30, 16]
-0.0030730924144232257 -0.002506789798680254 [31, 16]
0.006607639638008508 0.0014026201429250184 [0, 17]
0.010906614926509248 -0.0019528077584360021 [1, 17]
0.011014466542962835 0.012750277810201866 [2, 17]
-0.018938100089280974 0.004692796336638672 [3, 17]
0.0011410538826541485 0.0010309301989869996 [4, 17]
-0.0032822544155049 -0.004107818691306818 [5, 17]
-0.006799834003095484 0.0032889127802982285 [6, 17]
-0.00380359151899226 -0.0014048931217329457 [7, 17]
-0.004167927114466989 -0.01841414478503511 [8, 17]
-0.018917436627618172 0.00035940073286013554 [9, 17]
0.010684163751575689 -0.011495988283870221 [10, 17]
0.013783188739408968 0.021236952470798976 [11, 17]
0.002542330761130862 -0.0033854505515279465 [12, 17]
0.00868404556393666 0.006548754303698061 [13, 17]
-0.010492739402688722 0.01215787180266558 [14, 17]
0.00038021858849761727 -0.00027679436822850554 [15, 17]
0.0029338526042660953 -0.020445853050815373 [16, 17]
-0.006413662507126466 -0.0015782473936730992 [17, 17]
0.005407390183047938 0.004066988748072428 [18, 17]
0.02727214164984033 -0.005957169673528213 [19, 17]
-6.661764937079956e-07 0.0020424093652760527 [20, 17]
0.011133411679141928 -0.0027123973893117717 [21, 17]
0.005302450244901334 0.014459938044936208 [22, 17]
-0.003060328518608166 0.006576642393178258 [23, 17]
-0.016610784127183465 -0.0010439215188013514 [24, 17]
-0.015221234769372635 0.0010474754532835097 [25, 17]
-0.00674231287897348 -0.003347136654380815 [26, 17]
0.0038209428559882125 -0.001810360116604655 [27, 17]
-0.022332390145948722 -0.003402441802946912 [28, 17]
-0.00874741725155617 -0.005849355871288206 [29, 17]
-0.008411423382798476 0.01712878509836548 [30, 17]
0.006083988259807627 -0.0021577919925354237 [31, 17]
-0.003386594364533 -0.024734919705287572 [0, 18]
0.013926800953519424 0.007130651313256994 [1, 18]
-0.013119157716240943 0.003405489948847421 [2, 18]
-0.0198264643819623 -0.0008472223784963843 [3, 18]
0.005106848268603085 0.01210934930846103 [4, 18]
0.010883893520868278 -0.011402911882012125 [5, 18]
-0.025621264823390943 0.00010455848247868995 [6, 18]
-0.00963554413638071 -0.008287387505538544 [7, 18]
-0.011090739247068486 0.01210505242487333 [8, 18]
-0.004547408693450019 0.013675464799257462 [9, 18]
-0.017519230911510954 0.00017018646739358335 [10, 18]
-0.006973340197441814 0.005826748514375966 [11, 18]
-0.025182226428113016 -0.014134850442740484 [12, 18]
-0.0036589628779165055 -0.007553309096766546 [13, 18]
-0.00859786575383435 0.0051081664223061995 [14, 18]
0.0078041843096102945 0.004591143106584834 [15, 18]
0.02066591904742323 0.0007448916631543158 [16, 18]
-0.016526591469837166 0.007822033891154719 [17, 18]
0.0029353878986112165 0.011172809773152189 [18, 18]
-0.01814303282408619 0.01520570285833407 [19, 18]
-0.0061236854699767826 0.0036657038478449164 [20, 18]
-0.010742411912176649 -0.004274210344313126 [21, 18]
0.011600927091116023 0.0015414429705278866 [22, 18]
-0.011190214646657756 -0.009826821141691072 [23, 18]
-0.000727758069615237 0.004761472954325303 [24, 18]
0.0045817727416360594 0.013345187480775312 [25, 18]
-0.013113756830443376 -0.011783333712323816 [26, 18]
0.0034488459943030096 0.0012077718612242424 [27, 18]
-0.009362572737433128 0.0044912731506193205 [28, 18]
0.003626063853172997 -0.0013247739036751133 [29, 18]
0.006569522909778404 -0.0012556086799490676 [30, 18]
-0.007457419051182221 0.010021390042659301 [31, 18]
0.0074287489412213845 0.006253209485799405 [0, 19]
-0.020619606972794673 -0.001104322118934373 [1, 19]
0.019596786341971834 -0.018295958393648948 [2, 19]
-0.018483399099575054 0.009387704126598038 [3, 19]
0.01024462053866745 -0.004341001587799242 [4, 19]
-0.008949574687187822 -0.01903134385700996 [5, 19]
-0.015705713002901692 -0.0013270200477533823 [6, 19]
-0.01098006063640492 0.00443115310295134 [7, 19]
0.00767066398677913 -0.0005861750024363481 [8, 19]
-0.0019495265242348051 0.0005070931075874433 [9, 19]
-0.002806951085740343 -0.006730719867832694 [10, 19]
0.0049987144239686705 -0.0024655099022769665 [11, 19]
-0.0017520950372626632 -0.0030061761555224427 [12, 19]
-0.018466579534292395 -0.01787117583636156 [13, 19]
-0.02782973299766192 -0.003153881705736197 [14, 19]
-0.020696996879443878 -0.0014261416838206493 [15, 19]
0.00761993296051647 0.00041300983293900877 [16, 19]
-0.0096045245755206 0.004576236280822152 [17, 19]
-0.031490956061467956 -0.009350515077003158 [18, 19]
0.012245402507143255 0.006047013723264318 [19, 19]
-0.0016054017620997381 0.00873675200594871 [20, 19]
0.00720498922165579 0.00922111924826978 [21, 19]
-0.004032909796926491 -0.011140131883738334 [22, 19]
-0.016986391408206188 -0.0020740460637624783 [23, 19]
-0.0090248635512746 -0.013675837442262166 [24, 19]
-0.010619452882361036 -0.0019675783248152205 [25, 19]
0.011723410985066766 -0.004308494075110703 [26, 19]
0.0010913352082568399 -0.005367051578197463 [27, 19]
-0.014756296267986461 -0.005216550154495987 [28, 19]
-0.003185282758080923 -0.014947574364294558 [29, 19]
-0.008349446560649084 0.0013920002957664216 [30, 19]
-0.009715473182808763 -0.004458052788274314 [31, 19]
0.005563802061232043 -0.0027443997997111556 [0, 20]
-0.011389849484348282 0.0036140831957585905 [1, 20]
0.02982246153211583 -0.00291956098445921 [2, 20]
-0.012296671659578942 -0.0070583605861980914 [3, 20]
-0.006941541830726213 0.02178453983868234 [4, 20]
0.0034296486551801063 0.0006298067175995664 [5, 20]
0.0004530813268931029 -0.0016281390868672927 [6, 20]
0.03093810762982612 0.006755682571292088 [7, 20]
0.009533188974657459 0.008258655250285813 [8, 20]
-0.0026291151433527355 0.011381975824792605 [9, 20]
-0.0006226094170452318 -0.0008071398041979045 [10, 20]
0.0006228543760444566 -0.005227542794323025 [11, 20]
-0.018543020244952104 -0.00018343871021406794 [12, 20]
0.009474298852221428 0.026584997293853982 [13, 20]
-0.030167899243517954 -0.0039040042262222406 [14, 20]
0.01364564329208844 0.01940634855761118 [15, 20]
-0.007166821863925736 0.00192682274548324 [16, 20]
-0.005631321751942558 -0.011445222099025078 [17, 20]
-0.008841421254504739 -0.007846268146552801 [18, 20]
0.005614245219882053 -0.006917272366910726 [19, 20]
0.01329723431140857 -0.015476901970905036 [20, 20]
0.02160683062997718 0.009624586945936674 [21, 20]
-0.0016894334030219593 -0.01650147913063328 [22, 20]
-0.0027744066081187963 0.005635905837624756 [23, 20]
-0.000676342470923553 -0.006014196177913079 [24, 20]
-0.0015082491352829289 0.003280258325337033 [25, 20]
-0.007607205453429781 -0.00717984891258236 [26, 20]
0.0035481647632748165 0.005536273613944441 [27, 20]
-0.013329108522566682 -0.009879462273216198 [28, 20]
-0.0044304199611143215 -0.0019517857265802234 [29, 20]
0.006571603926603463 -0.0007870405029218819 [30, 20]
-0.0055594445122335474 0.010928683924496977 [31, 20]
0.0041673634240293215 -0.004609532796569472 [0, 21]
-0.02804193951197928 -0.0033104923100895013 [1, 21]
0.011228691796475548 -0.007315114947365929 [2, 21]
-0.013946536523232448 0.007658389892137729 [3, 21]
-0.005825639058186271 -0.0014977346442400954 [4, 21]
0.005497722952594406 -0.0001112705573629446 [5, 21]
-0.00346706459253011 0.0028858751022225507 [6, 21]
0.017158798831924674 -0.009809743457202855 [7, 21]
-0.0038534775008557502 -0.00505555931144545 [8, 21]
-0.006026643310856067 0.003046424440788356 [9, 21]
-0.008844679903470057 0.0005408041061675348 [10, 21]
-0.01735861512624073 -0.0042025851958041 [11, 21]
0.012416848857944803 -0.01637603482057884 [12, 21]
-0.0034813462832670155 0.01148345738932222 [13, 21]
0.0007362854758728778 0.007558619075647254 [14, 21]
0.0035378560073893194 -0.0033401419956769728 [15, 21]
-0.009094148870093697 -0.003690617631054909 [16, 21]
0.003508329412372066 0.0033983811695076837 [17, 21]
-0.00015053377493470403 -0.007903484501733124 [18, 21]
0.0016865004566650806 -0.00641711239558607 [19, 21]
0.003915275225086721 -0.004449193894029042 [20, 21]
-0.00783999368232905 -0.008765602704813216 [21, 21]
-0.009472949589342429 -0.002146700859639558 [22, 21]
0.004141175433145267 -0.0002603341588695407 [23, 21]
0.011333327605442782 0.005754315753895848 [24, 21]
-0.006213792170884362 0.012082650646416757 [25, 21]
0.0045424142509852385 -0.007362718463261764 [26, 21]
0.0038881399703325353 0.001547112236672627 [27, 21]
0.00979872040421373 0.006319576214339386 [28, 21]
-0.004031629881694249 -0.0034659918103619675 [29, 21]
-0.011365652108002694 -0.000386874198373211 [30, 21]
-0.0008274174206146926 -0.001212825399241456 [31, 21]
0.014216023850707504 0.0041619107936755415 [0, 22]
-0.002889738375858532 -0.01253695084836948 [1, 22]
-0.036580668150138294 0.0024628912574299524 [2, 22]
0.006647616582319347 -0.000983175757782132 [3, 22]
-0.010296974340106022 -0.014434757691487794 [4, 22]
-0.007205787394691687 0.001479779425894048 [5, 22]
0.009533641572789036 0.003234358856686162 [6, 22]
-0.014242475782136636 -0.005004724631274398 [7, 22]
0.013151494043690724 -0.0021121295938184795 [8, 22]
-0.02349908259124731 0.011840813961281862 [9, 22]
0.02539653626396582 0.00876209667007294 [10, 22]
0.004553581595249133 0.0016412805338668136 [11, 22]
0.008579325673698767 -0.019234223236683938 [12, 22]
-0.011986061470347495 -0.004346440201582457 [13, 22]
0.002048225265275771 0.0030084072162247246 [14, 22]
-0.004598239015237848 -0.00023628988496690974 [15, 22]
-0.001867169387926989 -0.012414003415814405 [16, 22]
0.00355483422920777 0.006090344593277599 [17, 22]
-0.006477241323437381 0.009400437163609136 [18, 22]
-0.026517120354097482 -0.00035555888551328364 [19, 22]
0.007755669670591628 -0.0010925513764211757 [20, 22]
-0.008394919381344899 -0.01377053773449785 [21, 22]
0.003370687620462437 0.003713194641496678 [22, 22]
-0.0005716560103822679 -0.009146689686661318 [23, 22]
0.011443587287838916 0.0036316965658250793 [24, 22]
0.0007603446923582879 -0.00794517277017064 [25, 22]
0.0005545258362624714 -0.012338721406016707 [26, 22]
0.00548380033256205 0.003898230657741263 [27, 22]
0.003878401190002321 -0.0043374850619552876 [28, 22]
-0.0028073879889401942 0.01013763864924582 [29, 22]
0.0038306349664105235 0.008588114398649033 [30, 22]
-0.00421110850226626 -0.004088532728632377 [31, 22]
-0.0015452821434452245 -0.01024283780513347 [0, 23]
0.001495521375495167 0.005522611283787711 [1, 23]
0.025808643505646715 -0.010913365357839289 [2, 23]
-0.0007319374395446304 0.014064052528250607 [3, 23]
0.01366638799343185 0.021404459784959737 [4, 23]
0.020835305578452992 -0.0006849614376392898 [5, 23]
-0.004965427843894904 -0.0010159177174069352 [6, 23]
0.0010719121410645578 0.007518319060371738 [7, 23]
0.0013209478470799254 -0.023642723283091912 [8, 23]
-0.010571450941266016 0.007827617489272378 [9, 23]
0.004177336122623701 0.010793301501229252 [10, 23]
-0.00807227976444456 0.0028318189711042 [11, 23]
0.01879674893523329 -0.003751954899733619 [12, 23]
-0.009303309226591585 0.0034217298333703164 [13, 23]
-0.003046304871317614 0.016582706513359944 [14, 23]
-0.023664738584166456 0.0019433880855994163 [15, 23]
-0.01079783637764685 -0.0042660822680969076 [16, 23]
-0.022595090004688862 0.020760172286270952 [17, 23]
0.01593107231715515 0.002265720749007505 [18, 23]
-0.03410255239961218 0.007778726859250869 [19, 23]
-0.004489959360648136 -0.007210853901214206 [20, 23]
-0.03352379358858773 0.00400173924039821 [21, 23]
0.0076821752422090986 0.000700196110157345 [22, 23]
0.0014390831398020942 0.005738950663671801 [23, 23]
-0.0020366071553761926 2.8443289273490837e-05 [24, 23]
-0.0013728649678732248 0.010201627290074016 [25, 23]
0.016444306792432233 -0.0006841631140918612 [26, 23]
-0.007646014197724833 -0.0012213610792460965 [27, 23]
-0.016901539952956672 -0.0027112402687116664 [28, 23]
-0.0006998823987264828 3.9512580401193066e-05 [29, 23]
0.00048340961695397735 -0.0077232108751941015 [30, 23]
0.008218755235820194 0.0021250368857856135 [31, 23]
-0.014683361018580698 0.004383345363564792 [0, 24]
-0.012725017119805303 0.0006456202874604293 [1, 24]
0.007350837376252189 0.0044893164127467345 [2, 24]
-0.0030997569376625816 0.009285178496146799 [3, 24]
0.003120857734462143 -0.0031577933208610234 [4, 24]
-0.008813034016556405 0.00597293903935247 [5, 24]
0.0033145793391101334 0.0016212913425913591 [6, 24]
0.0022757892921039437 -0.008807609100984756 [7, 24]
0.00892298487482952 0.004617632385202006 [8, 24]
-0.011915063598797635 0.0061488448656885 [9, 24]
-0.011210387595793993 0.000692127207836757 [10, 24]
-0.020313360400430525 -0.0006162510418095788 [11, 24]
0.003391101683344839 -0.0050417891444791306 [12, 24]
0.020612554104965083 0.006457781764420788 [13, 24]
0.007374006145571134 -0.00423574411605174 [14, 24]
-0.0028129898328039947 0.015664365758043704 [15, 24]
0.01098226344971275 -0.003047719623200454 [16, 24]
-0.015372695612304676 -0.008031507810756242 [17, 24]
0.007278926624956864 0.001443990376891226 [18, 24]
-0.018112582221720838 0.0004003340708742272 [19, 24]
-0.025952406680541162 -0.00034530787472970023 [20, 24]
-0.005603807276725714 0.003982770939685941 [21, 24]
0.017694417795494334 -0.008932023468647176 [22, 24]
-0.013184881787322644 0.0026444414545666738 [23, 24]
-0.005255308778195485 -0.001464295127291976 [24, 24]
0.0029441654720273624 -0.008826966353717729 [25, 24]
-0.014574423216333964 0.033391594725497506 [26, 24]
-0.022387847460622105 0.008427509153378927 [27, 24]
0.005829998821225973 0.002590930209083333 [28, 24]
-0.012709884574606794 -0.00658767675247404 [29, 24]
-0.004938083187542721 0.0013056772893447592 [30, 24]
-0.003603473160924111 -0.002420841268931443 [31, 24]
0.0021272585276362653 -0.012835775726663848 [0, 25]
0.011629656169858438 0.004116767451798424 [1, 25]
-0.005574370042239678 -0.0031677374520005497 [2, 25]
0.00017956733211296262 -0.0035127605761033106 [3, 25]
-0.002028922015455384 -0.005059117789925571 [4, 25]
0.010996671324228649 0.0004127343073628747 [5, 25]
-0.001516702680446534 -0.00022875866947337585 [6, 25]
0.007482669961305738 0.002700210891556029 [7, 25]
-0.018751491450864178 -0.007299649593275195 [8, 25]
-0.003154254499019521 -0.009219311312012793 [9, 25]
0.012445612708133838 -0.0006455403778377121 [10, 25]
-0.0031841147442236025 -0.006986209703499292 [11, 25]
-0.007420868707844369 0.006528673886342646 [12, 25]
-0.0007555725510050647 -0.0014652377677721203 [13, 25]
-0.010411969750698113 -0.008025359252225398 [14, 25]
-0.005972187546199243 0.010136652744395316 [15, 25]
0.007793994342934559 -0.009787632086813595 [16, 25]
-0.005886945958870051 0.01163499589600966 [17, 25]
-0.016983413888744324 0.005517025523861871 [18, 25]
-0.013831625220789618 0.009069013941326778 [19, 25]
-0.0013721035016217064 0.0026021804607790394 [20, 25]
-0.017235928676620833 0.006171618739939961 [21, 25]
0.00487615014245232 0.0027332962808623612 [22, 25]
-0.012505517150210166 -0.010898347400151503 [23, 25]
0.00801879220684443 0.007096873837867542 [24, 25]
-0.0064525570168010955 -7.918421789959047e-05 [25, 25]
-0.009374736488682466 -0.0013185758103919929 [26, 25]
-0.01150536252405016 0.0026622708832710535 [27, 25]
-0.006286695587086053 -0.020636003667458987 [28, 25]
-0.006883664703771146 -0.007686679615924345 [29, 25]
-0.00492985720403113 0.007642346887532474 [30, 25]
0.010741560600291229 0.003437931112660183 [31, 25]
-0.004826096111825029 -0.0018853202984333893 [0, 26]
-0.015825906659682847 -0.002781304309118626 [1, 26]
-0.012343191173516208 0.0016020306404886603 [2, 26]
-0.004091745327472649 -0.008598537252843092 [3, 26]
-0.010519090236224821 0.001128639038973166 [4, 26]
0.010241248409894627 -0.002093852316679874 [5, 26]
0.0009704526753816509 -0.00973196192166102 [6, 26]
-0.01495941782265333 0.008130520961261942 [7, 26]
-0.004682905708575173 0.0027544628496546895 [8, 26]
0.010752170683456576 -0.0018612964067077874 [9, 26]
0.005369973671607892 -0.0020344466123041276 [10, 26]
-0.003284129453781591 -0.00027912395356400693 [11, 26]
-0.015948678101545252 -0.01163153662494108 [12, 26]
-0.010265992937782098 0.012622086160094583 [13, 26]
-0.00689358975927225 -0.0013656083542899333 [14, 26]
0.0019326367891649055 -0.008267553480229109 [15, 26]
-0.0012931864492535241 0.005608534443444133 [16, 26]
-0.005034458950020425 0.015340178636040595 [17, 26]
-0.027386959883732208 -0.028885855516730605 [18, 26]
-0.00925889880500381 0.003941493767859709 [19, 26]
-0.002132157300000844 0.0006390921391954284 [20, 26]
0.006893545607776923 0.003389803996485542 [21, 26]
-0.003442200853449516 -0.0045085341606723815 [22, 26]
-0.004252085141692853 -0.005373192348040243 [23, 26]
0.004233550310586834 0.013522600076245526 [24, 26]
0.01646892718980691 0.001654485886179049 [25, 26]
-0.014429466378504523 -0.010286322214283435 [26, 26]
-0.02397757033361594 0.007232074116632272 [27, 26]
-0.0012898001760692215 -0.002426245623669253 [28, 26]
-0.0029418442752493605 -0.002590431189031297 [29, 26]
-0.0022913825641709355 0.0004077791851878771 [30, 26]
0.0010595049736328397 0.004257413465399028 [31, 26]
-0.010084140403532551 -0.00839808398495858 [0, 27]
0.002437601037297631 0.000465618729087384 [1, 27]
-0.01431528305013144 -0.009911697310184465 [2, 27]
0.036441540065785386 -0.00990608923913382 [3, 27]
0.00992961921118887 -0.0039718292830038734 [4, 27]
-0.016882957257952958 0.00010418013845870984 [5, 27]
-0.005228130935305291 -0.008887703060833248 [6, 27]
-0.014614057685858703 -0.01488281625206256 [7, 27]
-0.009736804248084204 -0.009073005510055073 [8, 27]
0.006467868738411666 -0.0021902225582719538 [9, 27]
0.012867308858188828 0.005980208042996882 [10, 27]
0.002428111974225733 -0.008075809878089611 [11, 27]
0.00030116085341611867 -0.00958038003964281 [12, 27]
0.009794521898492576 -0.02283002327041769 [13, 27]
0.004245024316460582 -0.0010899089917242634 [14, 27]
0.004772542105518925 0.01708021646630531 [15, 27]
0.0014796255458343936 0.007869819823712083 [16, 27]
0.00023222596032022874 -0.006383730625382663 [17, 27]
0.008108356136489359 -0.010640441506227597 [18, 27]
0.000822617964169865 0.004956575973420897 [19, 27]
-0.002020459211827977 0.01333026499256084 [20, 27]
-0.007025054573598144 -0.0055431629708617355 [21, 27]
-0.004978162364917604 0.0006824462196940938 [22, 27]
-0.012137609941057507 0.008758473032012338 [23, 27]
0.0044064367403297 0.00022030801124461592 [24, 27]
-0.0029601034957221777 -0.001769948052767269 [25, 27]
-0.004494356729430439 0.0017616202002305032 [26, 27]
0.0024385992729946313 0.007589151883283201 [27, 27]
6.60266444111354e-05 0.004019339003103787 [28, 27]
-0.0016855626568394327 0.0027784479562239775 [29, 27]
9.841191038132018e-05 0.022740656458450307 [30, 27]
-0.004334648554408106 -0.0004837269719209327 [31, 27]
0.0029622916639794623 0.011275838540904115 [0, 28]
0.0019299101779181843 0.00038240332408293764 [1, 28]
-0.0035398147348253595 -0.009872709901951502 [2, 28]
-0.00046659438739772655 -0.007920503876534642 [3, 28]
0.001929451786538554 -0.0016123101834203029 [4, 28]
-0.02126807855324061 -0.00613071253630826 [5, 28]
0.0072057875056302 0.0021734131765439265 [6, 28]
0.0035132105646628665 -0.013142616815735586 [7, 28]
0.017869306383566572 -0.004570803526704248 [8, 28]
-0.020637372054330697 0.008072556272546506 [9, 28]
0.0039077610173509384 0.0003999312181889945 [10, 28]
-0.003199399175136207 -0.0058333837558486945 [11, 28]
0.014200984489600547 0.007460386930686345 [12, 28]
-0.01108112014279608 0.00552317670433832 [13, 28]
-0.007705330025143665 -0.009725112856012014 [14, 28]
-0.00657895282491492 0.007494508353731229 [15, 28]
0.011584063693785085 -0.0066707407677926225 [16, 28]
-0.0028937052576812135 0.008529995632848777 [17, 28]
0.0007285788455500106 0.008300588645942474 [18, 28]
-0.010105712426264856 -0.0014520298336341793 [19, 28]
-0.012538774646995784 0.0018515168837599 [20, 28]
-0.006334175895378127 -0.002631126890535561 [21, 28]
0.0135465680522677 0.0031424948478621967 [22, 28]
0.004652096519202088 0.0045795421431313555 [23, 28]
0.0068514739851165225 -0.003551329896353738 [24, 28]
0.004783213714793929 0.0006550254819092851 [25, 28]
-0.005688779977906247 0.0004131287289350383 [26, 28]
-0.0011052468086753572 -0.009568376267028939 [27, 28]
-0.0011811172233551293 0.003058555538737432 [28, 28]
0.0016463046715160519 0.011999477271118488 [29, 28]
-0.0016910293152955676 0.0001715667714661274 [30, 28]
-0.0003770497060221549 0.02014128339862559 [31, 28]
-0.0007515199352425776 0.007431596837561914 [0, 29]
-0.0032703088468067068 -0.005777436746932217 [1, 29]
0.004226708198689991 0.004251879307303581 [2, 29]
-0.0022378733015300167 0.007751833087445897 [3, 29]
0.00020799196766848487 -0.007460113279210811 [4, 29]
0.0011284443625526126 0.008849803837508951 [5, 29]
-0.016902587797699112 0.007895539854745092 [6, 29]
-0.004457714739644698 -0.011506052073183268 [7, 29]
-0.009169810377026707 -0.0023866139092985866 [8, 29]
-0.009364563851733015 -0.003023109314468888 [9, 29]
-0.007584224807747077 0.005879203655287018 [10, 29]
0.00038803742657073185 0.005589671821158767 [11, 29]
0.0161297919449402 -0.0062248480619678985 [12, 29]
0.00018538780227223556 -0.012002020322355684 [13, 29]
-0.002766011368396191 -0.004739615405721233 [14, 29]
-0.003700313736525862 0.001250968077684851 [15, 29]
-0.015104421134509455 0.010815627381056287 [16, 29]
-0.001955623011082249 0.003867278346495726 [17, 29]
0.00999017429422574 -0.018258713698264872 [18, 29]
0.026805126037878955 0.0039707363579806814 [19, 29]
-0.006071037450338759 -0.0017596817535420982 [20, 29]
-0.006017295106816362 -0.004072119980637615 [21, 29]
-0.0038700395713663492 -0.002316503867602127 [22, 29]
-0.014424744856906684 -0.0013653539624761352 [23, 29]
-0.00110192683563997 -0.007896974763930505 [24, 29]
-0.0016430969024841255 -0.01790648181367573 [25, 29]
0.0019551598717702356 0.006393616166300193 [26, 29]
0.011947517452266762 -0.0036204111877510656 [27, 29]
0.0077436045825456995 0.006553147977759618 [28, 29]
0.0034768156185283543 0.0128232101357028 [29, 29]
0.0010446191478415254 0.005001197969854253 [30, 29]
0.004025644996599166 -0.0011219041168946267 [31, 29]
0.0 0.0 [0, 30]
-0.00914140186194201 0.0036867476009158685 [1, 30]
0.001904278665961838 0.012554256222638562 [2, 30]
0.012221862574508097 -0.006663332581058224 [3, 30]
-0.005967790659596428 -0.007081713934721892 [4, 30]
-0.007119352259288733 0.01096208942176118 [5, 30]
-0.0041893932694629585 0.005318517567460546 [6, 30]
-0.008634603150568724 0.007308243670468034 [7, 30]
0.018042351472334184 -0.0021683891599825382 [8, 30]
0.007867792763671094 0.0164381867536585 [9, 30]
0.017977408158136123 0.009415092099679882 [10, 30]
0.01971943116281422 0.0011923804853478488 [11, 30]
-0.0009345510987590071 -0.0002933857728294212 [12, 30]
0.006748708220119379 0.002042843079845746 [13, 30]
0.015185451066811797 0.0020517203258399834 [14, 30]
0.004246646950347505 0.005715531087635493 [15, 30]
-0.01127279207841761 0.0048394449185437975 [16, 30]
-0.0015488091581623202 0.004531900549996902 [17, 30]
0.005762957205443427 0.0014928742204445603 [18, 30]
0.0004304135188451388 0.006546264610954663 [19, 30]
-0.00725454401791056 0.0169245179551256 [20, 30]
-0.017193925110680245 0.000207269258719598 [21, 30]
0.01075594319514958 -0.0009678948043205292 [22, 30]
0.022076356539406383 -0.00127570718393019 [23, 30]
-0.0031280170567480736 0.011095956878817604 [24, 30]
-0.0028385030509556677 0.003147711745783733 [25, 30]
0.003044367805961796 0.012112792835160547 [26, 30]
-0.0028851267540300407 0.013552884523257284 [27, 30]
-0.0006697406577566253 -0.01069580270561164 [28, 30]
0.007147817209523332 -0.001578546447872997 [29, 30]
-0.003845172723696952 0.005972206878456813 [30, 30]
-0.0038774563270311396 0.0077945349050699735 [31, 30]
0.0 0.0 [0, 31]
0.0 0.0 [1, 31]
0.023545141915362604 0.0013787334913496654 [2, 31]
0.002550280511516948 -0.004183221403447251 [3, 31]
-2.8669867728161147e-06 -0.0037315437975546017 [4, 31]
-0.012935284345804111 -0.00864516187642954 [5, 31]
0.0005874883183849874 -0.013124340481230809 [6, 31]
-0.0026089682397495233 -0.005458709483479112 [7, 31]
-0.0009479254096648455 0.016504748604102133 [8, 31]
-0.0020807430250286245 0.00013302046291547922 [9, 31]
-0.003118265606558997 -0.0014633524554012263 [10, 31]
0.015809081705351523 0.009968727004084773 [11, 31]
0.008957684546097787 -0.0051537141985636544 [12, 31]
0.0038764537697911126 -0.0032805134083952053 [13, 31]
-0.0029213877395110155 0.00011496117418488535 [14, 31]
0.013950396130238222 0.0062805929331423375 [15, 31]
0.0012211164260808446 -0.008003183131767774 [16, 31]
0.0003116778672891348 0.002192663935544561 [17, 31]
-0.0036540447545225295 0.010884279940491286 [18, 31]
-0.005751570588610858 0.010873235595666475 [19, 31]
-0.003083113557159948 -0.0007547149170340429 [20, 31]
0.011924660183901804 -0.0042132323558216256 [21, 31]
-0.006582388122219937 0.0174597122310678 [22, 31]
-0.000699682126131932 -0.00016387166282214862 [23, 31]
-0.00571765801620143 0.0044902068878964795 [24, 31]
-0.001394814078715356 0.009754596877272372 [25, 31]
-0.0010277097253940815 -0.007622156235358707 [26, 31]
-0.0012480869057182502 0.0027714596493136345 [27, 31]
-0.0015854832824534757 0.009729116492241363 [28, 31]
0.0019907394988110836 0.004129097211975249 [29, 31]
0.004843800075820203 0.006861450323012116 [30, 31]
-0.01003082069153549 0.012045876579709628 [31, 31]