#     gamma 1             gamma 2            pos
0.015805919906666684 -0.004657398919509184 [0, 0]
-0.0016209967413466557 -0.0011585146559011095 [1, 0]
0.003659785298902389 0.015186506261023264 [2, 0]
-0.0004155684450574671 -0.0186809340450394 [3, 0]
-0.004326953853568706 0.0036158461568176633 [4, 0]
-1.3036644869658828e-07 -8.341800314812751e-10 [5, 0]
-0.002025477660491533 -2.9355118352452366e-05 [6, 0]
0.0017416383555759597 0.012416929207393564 [7, 0]
0.0007926159985354774 -0.010776084460399953 [8, 0]
0.0009198585044517067 -0.008933493237810466 [9, 0]
-0.003076204281717155 0.0002585838228418584 [10, 0]
-0.00032838205391913327 -0.009532289109148818 [11, 0]
0.004166654145762404 0.0010930428916754323 [12, 0]
0.0029619192533879447 -0.006512713756872234 [13, 0]
-0.0038477529684811844 0.02359571560385427 [14, 0]
0.000939091043487665 -0.004320825190499259 [15, 0]
-0.004180209380243232 0.014654434314551311 [16, 0]
-0.004727713917341116 0.013289728833151002 [17, 0]
-0.0026709956021445315 -0.0007851766602947303 [18, 0]
0.005823729923735513 -0.02386338292700065 [19, 0]
0.002538411588139724 0.002326430337746685 [20, 0]
0.020834580378975318 0.04643268270103632 [21, 0]
-0.0035195891386619904 -0.002630850709473866 [22, 0]
0.005296853591120563 0.012775538603282201 [23, 0]
-0.005495454914157901 0.0015952507590270757 [24, 0]
-0.0064193785999221735 -0.017842389148881973 [25, 0]
-0.0010031693817073946 0.01813176245830193 [26, 0]
0.0019687018570296805 0.008503473431032487 [27, 0]
-0.0025957007559223684 -0.001446812648199482 [28, 0]
0.004061239534083718 0.01858215551223718 [29, 0]
-0.005096235036840904 0.01289842198663926 [30, 0]
-0.0002556752144708543 0.0065533364247458235 [31, 0]
0.013172601099468792 0.02037488947123404 [0, 1]
-0.008618104638990962 0.010646367266820961 [1, 1]
0.006409947347780092 -0.012115214011089533 [2, 1]
0.0011764816077680124 0.0010155025037190631 [3, 1]
0.0020361224154369947 -0.00412180291870731 [4, 1]
0.004686518165556709 0.003276858384001338 [5, 1]
0.0038191968922038147 0.005871674258043031 [6, 1]
0.008665463971931011 -0.012987134797668293 [7, 1]
-0.004054578089357815 0.002996109037724988 [8, 1]
-0.004066415384950149 -0.007335502424594966 [9, 1]
-0.0007317825849467002 0.0005734609440664827 [10, 1]
-0.0014832123869532301 0.010949456476034628 [11, 1]
0.001784708876106761 -0.002950276557331979 [12, 1]
-0.009109163083735043 -0.024954175374590524 [13, 1]
-0.0031581865354946034 -0.012135018279669053 [14, 1]
0.004241706833088611 0.006261752742787357 [15, 1]
0.0028016665427380563 -0.011098021784127138 [16, 1]
-0.0046520853526816125 -0.009285047046987325 [17, 1]
0.002480933231929865 0.007833552061963055 [18, 1]
-0.0011780068584467305 -0.00655910293935013 [19, 1]
0.0028557633260534376 -0.0028829590310304534 [20, 1]
0.008342915209520213 -0.007365368973763161 [21, 1]
-0.0021645249602671598 -0.01809221112981885 [22, 1]
0.0074124931886352975 0.0002613998531913137 [23, 1]
-0.0002115739467292746 -0.00110206246922173 [24, 1]
0.003922743485791833 -0.012735007936642586 [25, 1]
0.004243783929540418 -0.020951955306734455 [26, 1]
0.017911499282119825 0.011144632938969454 [27, 1]
0.00709830079737656 0.005638614959662053 [28, 1]
-0.0017396430075664214 -0.0006275145020046099 [29, 1]
-8.283647697641551e-05 0.005840503283392939 [30, 1]
0.003965257202962343 -0.006125479845435465 [31, 1]
0.003689246571078467 -0.004857648988233912 [0, 2]
0.0019492185367960952 -0.009003802961648308 [1, 2]
-0.0006310739702069694 -0.009356631536361223 [2, 2]
0.0040561053860792284 -0.0274247172513154 [3, 2]
-4.812236678514216e-05 0.024232948986815186 [4, 2]
0.010684702527320483 0.008712769546982206 [5, 2]
0.009830769659026229 -0.01121027836260723 [6, 2]
-0.002953391720700465 0.0012847864886492279 [7, 2]
-0.0057666402101362495 0.0050148007482550445 [8, 2]
0.0033772821619201805 0.00893509591875738 [9, 2]
-0.0003956699512953901 -0.0038146664489519533 [10, 2]
0.0024100209310916644 -0.02131733591181069 [11, 2]
-0.009176038595093597 -0.006148178229050351 [12, 2]
0.004437391150815432 0.0015349078035818693 [13, 2]
-0.001887956286598925 -0.009081964081014306 [14, 2]
-0.005772955631718007 -0.008294884766803077 [15, 2]
-0.0003444275442256557 0.0005277093144872897 [16, 2]
-0.0003918885266586149 -0.00796848318961452 [17, 2]
-0.0003395730336850712 0.00043309914662148903 [18, 2]
0.005723413887223146 0.008552755683295778 [19, 2]
0.008530219403459256 0.010310515561123574 [20, 2]
0.004039720426650959 0.018806218277250007 [21, 2]
-0.0011963158377092528 0.0010823844088439535 [22, 2]
-0.001464754694777576 -0.003709733828260953 [23, 2]
0.0010107686039885822 0.004016195390187467 [24, 2]
-0.003198447358484684 0.00035338463617750536 [25, 2]
-0.0005774002058277171 0.007969898499342556 [26, 2]
0.0019223209026761946 0.002764497986692967 [27, 2]
-0.006750525073027724 0.002809305311879597 [28, 2]
0.0036972614532434075 -0.0025067461083917056 [29, 2]
-0.004552520999477222 -0.008046948236106943 [30, 2]
-0.001341230449539612 -0.0020229594279606907 [31, 2]
-0.007170811282315548 -0.006381810899315749 [0, 3]
-0.014674164335721466 0.013126053913526671 [1, 3]
0.00410090277493541 -0.0028885168875847 [2, 3]
-0.0029233539514963804 -0.011318806411398426 [3, 3]
0.0034386265012223255 -0.0007315916809607281 [4, 3]
-0.0008413106090026784 0.007021137776040441 [5, 3]
0.009352941987417483 -0.0016859103923358575 [6, 3]
-0.01020870336191382 0.003880089539660141 [7, 3]
0.005135744488510708 -0.012642587734051842 [8, 3]
0.0067353426271234374 -0.0031896055759170656 [9, 3]
0.007046963830077002 0.005208092579159599 [10, 3]
0.005085731875592449 -0.002425060696518706 [11, 3]
0.0032831162211388724 0.01400635347373898 [12, 3]
0.005367647514708249 -0.0157504768469287 [13, 3]
-9.66461306791329e-05 -0.005251188306982665 [14, 3]
0.006411527163200716 0.023760015695295 [15, 3]
-0.002184296282901927 -0.00386729176043441 [16, 3]
0.0008776825868709018 0.005968586640269988 [17, 3]
0.008561713742463463 0.001206650875463246 [18, 3]
0.003188537072039612 0.016146202094766842 [19, 3]
-0.0036472539358517585 -0.004369173245371029 [20, 3]
0.003913818733278173 -0.012425887305465273 [21, 3]
-0.010416537156351205 -0.01399291729145263 [22, 3]
0.007543679553682819 0.00030071654695486847 [23, 3]
-0.0032196245570362833 0.0128232721618174 [24, 3]
0.0020433160593795524 -0.0010228186021697346 [25, 3]
0.0068835143613929515 -0.011106704133124305 [26, 3]
-0.003216455283684359 -0.00340475943743892 [27, 3]
-0.004867944695046084 -0.004106640568619596 [28, 3]
0.0013717900318937976 -0.009038108684921813 [29, 3]
-0.0028158365225668678 0.01512037957068029 [30, 3]
0.005118741483588456 -0.002456089606578929 [31, 3]
-0.0002859334028356947 0.0045314192339178435 [0, 4]
-0.004465068355827465 0.01537368827880155 [1, 4]
0.010104682323387223 -0.006562085357930087 [2, 4]
0.003569453196675999 0.004903943518134954 [3, 4]
0.004758839303753889 0.018331664784307526 [4, 4]
-0.005723412404600191 -0.007355521962682276 [5, 4]
-0.0015952175650589728 -0.02095849585349994 [6, 4]
-0.0012928696184389844 0.03228114660689461 [7, 4]
-0.010078548180918311 -6.509881578566826e-05 [8, 4]
-0.0008154378526863294 0.016703248555386234 [9, 4]
0.00423895989953043 0.012990144197734428 [10, 4]
0.0012148249906707809 0.00887808550534273 [11, 4]
-0.003912851802149707 -0.01883510763397222 [12, 4]
0.0003182277581851769 0.01905531194549572 [13, 4]
0.005459147040380592 -0.004515410671626791 [14, 4]
0.007455045433837043 0.013361339813964042 [15, 4]
0.00831933979462387 -0.010235943635156616 [16, 4]
-0.001710484022832758 0.008776633062646696 [17, 4]
0.0028986476170646787 4.584937680242336e-05 [18, 4]
0.008579652668081077 0.01134541051390034 [19, 4]
-0.0030670623709472596 -0.009880322189337773 [20, 4]
0.003015410791287702 -0.01300093853910001 [21, 4]
-0.016254775472287004 -0.01808816116550099 [22, 4]
-0.008773346524190451 -0.003795704219537537 [23, 4]
0.0034958287254043168 -0.00927284025880586 [24, 4]
0.008234462975662195 0.013693778073814769 [25, 4]
0.0004364358358890241 -0.002387492316140664 [26, 4]
-0.00675126279456249 -0.012329653229794582 [27, 4]
-0.002140354276860492 0.005258207172326955 [28, 4]
0.006969086264051609 0.00743148426089735 [29, 4]
0.000429541667381405 0.004626365676657167 [30, 4]
0.0017366689355443232 0.006367229937688598 [31, 4]
0.008347364597628672 0.028452956441297483 [0, 5]
-0.0019127402954333187 -0.010832557040837876 [1, 5]
-0.0017623026909887212 -0.01279819906840394 [2, 5]
-0.0011640895409475757 -0.015951970844716817 [3, 5]
-0.0017730548229346712 -0.000484264945215842 [4, 5]
0.00041084894196342475 -0.007128171505873619 [5, 5]
0.004874412421776878 0.0022796950241028664 [6, 5]
0.0035728587613758373 -0.007944815621649087 [7, 5]
-0.005975204649339434 0.01016334605931656 [8, 5]
0.0005877447320782494 -0.006407080010166394 [9, 5]
0.002218083198390139 0.012084821309324891 [10, 5]
-0.004892638752913244 -0.0007256357283635437 [11, 5]
-0.002409879253831389 -0.0008620531613253672 [12, 5]
-0.0012818502582831683 -0.005129953587529753 [13, 5]
-0.008351052265644842 -0.010297923916034759 [14, 5]
0.0013440644511809672 -0.001166406872413689 [15, 5]
-0.007539995295881206 0.00394160595288766 [16, 5]
-0.003981061631600766 0.0065847160234143165 [17, 5]
-0.008115995150651418 0.0005490918322678206 [18, 5]
0.002771791309391328 0.005210264253709686 [19, 5]
-0.0011343595031760116 0.01380432195488775 [20, 5]
-0.00032202940532697786 -0.013842032944635683 [21, 5]
-0.0022878322390925895 0.0015489976531746726 [22, 5]
0.0014485710215979461 -0.008225706625371218 [23, 5]
0.0028082353242882747 0.011608978466661849 [24, 5]
-0.00944165607946225 0.0006254945071987127 [25, 5]
-7.537025723789261e-05 0.0004424157795614991 [26, 5]
-0.007171124775270988 -0.008822129500957978 [27, 5]
-0.0010157603528674264 0.0021765820837241798 [28, 5]
-0.0018595969365698829 -0.008885157633780503 [29, 5]
-0.0035200015273065717 0.0015996789065325576 [30, 5]
0.002376300893033299 -0.005176818390462689 [31, 5]
0.003076480891168384 -0.011040396631576962 [0, 6]
-0.005493870644650553 0.012292981622669848 [1, 6]
0.002685547262069551 0.003215562240534262 [2, 6]
0.004543329239504401 0.010776649187568713 [3, 6]
0.0008504908539003153 0.002485244837638391 [4, 6]
0.001554683102203725 -0.002181119035362673 [5, 6]
-0.0045970887116781765 0.0026372639544352478 [6, 6]
0.006331968747641425 0.014775602900407263 [7, 6]
-0.0034672480495358017 -0.011612809118309636 [8, 6]
-0.015342415112447305 -0.003974774007754269 [9, 6]
0.0033206310406256358 -0.006884431758177858 [10, 6]
0.017052177459099187 -0.006357896413491705 [11, 6]
-0.0010457313183133525 0.002886339867396292 [12, 6]
-0.005229287312715786 -0.006046075156295291 [13, 6]
0.00601601642989823 0.017084654665720445 [14, 6]
-0.0016551191334343322 -0.0009667156303558624 [15, 6]
-0.002583625371695451 0.01190309757857715 [16, 6]
0.0017570355225302323 0.0011387523096641598 [17, 6]
-0.0008361138515432694 0.005970954823541395 [18, 6]
-0.010966064826194357 0.004915624080074942 [19, 6]
0.006436205156720777 -0.006529294080058442 [20, 6]
-0.0015403912742752526 0.0061870073205303544 [21, 6]
-0.0018804627484585801 0.009285543989941488 [22, 6]
-0.0015388844265162456 -0.0039622942192141354 [23, 6]
0.0040833674209683896 -0.013629082973447035 [24, 6]
-0.0033140584568506245 0.0013367942813898314 [25, 6]
0.00025277975876818697 -0.0024358437981215854 [26, 6]
-0.0023130921294101576 -0.006969033571601735 [27, 6]
0.0008803120747587867 -0.009898006134012918 [28, 6]
0.0076687373915317065 0.0011284143204759185 [29, 6]
0.0019016975981763294 0.020074146432025423 [30, 6]
0.002193450347672769 0.0025112611203042617 [31, 6]
0.004226412170971739 0.003932053088369131 [0, 7]
0.003841665962178709 0.004741250503035861 [1, 7]
-0.007118094293003996 -0.0026490835845046977 [2, 7]
-0.01872987500060441 -0.0006805083968191176 [3, 7]
-0.010457380639270356 0.005403850070879302 [4, 7]
0.0032447688175642267 0.011347815771231782 [5, 7]
0.0035690374470909478 0.012211431610597593 [6, 7]
-0.0012115025796571191 -0.02028427216591481 [7, 7]
0.0034138202711485217 -0.00020620709821743595 [8, 7]
-0.004012411322968772 -0.006529026324265682 [9, 7]
-0.04759293399926314 -0.00047170371949474934 [10, 7]
-0.0068860261933048495 0.020742886996496908 [11, 7]
-0.014919613524608934 0.012492499681371986 [12, 7]
-0.0019130985082218262 0.0020826259143729804 [13, 7]
-0.0016880472527766738 -0.010083089749566856 [14, 7]
-0.003059309094054198 0.005462871692263745 [15, 7]
-0.0004272109586142076 -0.003051309130393483 [16, 7]
-0.0037908880520911652 0.003805507251975942 [17, 7]
-0.007563860855463926 -0.012039713128369583 [18, 7]
0.003173159032155054 -0.015683966254567264 [19, 7]
0.002794869437159345 -0.011289450984592967 [20, 7]
-0.006663045079447132 -0.0005527642648812289 [21, 7]
0.010942641284847088 0.007154822062707198 [22, 7]
-0.0038980610519647727 -0.006748172281162523 [23, 7]
-0.0016172028999544318 -0.012533896588135106 [24, 7]
-0.005391882612002501 0.002250482346334661 [25, 7]
-0.004840122226542125 -0.005746280665335705 [26, 7]
0.008282910114750576 -0.011449753842525091 [27, 7]
0.0003281452350121835 -0.005402832917175136 [28, 7]
0.01195000866562332 0.005141125581868081 [29, 7]
0.003643272344747906 -0.010476101637574118 [30, 7]
0.008366462051069296 -0.0013196999132209179 [31, 7]
0.0003552807457852166 0.0062823647286933924 [0, 8]
0.0012228882163268476 -0.001941462152070241 [1, 8]
0.004336402756220756 0.0041080605621270075 [2, 8]
0.0031231746602529533 -0.00720639471832493 [3, 8]
-0.0016634999783765381 0.0017111251984103493 [4, 8]
0.0015245203068560958 -0.011646117789614146 [5, 8]
0.003340586585041549 0.019942303841235742 [6, 8]
-0.004654748201281729 0.0032283680087268197 [7, 8]
0.0060431306736817075 -0.006716928021879632 [8, 8]
0.0024410643400979764 0.013258188930650543 [9, 8]
0.014821017664026156 0.014879103962416445 [10, 8]
-0.004982736476060576 0.0034100655848603666 [11, 8]
0.004950899665410378 -0.011602462789887441 [12, 8]
0.004379464393539026 -0.017010864075237636 [13, 8]
-0.0029408641857871357 -0.019973488602242014 [14, 8]
0.0021141116087172577 0.012409795538238955 [15, 8]
0.005826069112250953 -0.007734224173282329 [16, 8]
0.003823842846180972 0.009505170693917786 [17, 8]
0.0024554349255089974 -0.002898296775634551 [18, 8]
2.8140198275992384e-05 -0.012527186085221636 [19, 8]
-0.00545254716536615 0.015076062880940627 [20, 8]
-0.00762466789101228 0.022575088363907033 [21, 8]
0.010924899129847258 -0.015718659034625014 [22, 8]
-0.004348380526983857 -0.007532732446178584 [23, 8]
-0.004020367795053515 0.008026824059683689 [24, 8]
0.006917611382468328 0.0036468466629796226 [25, 8]
-0.003148976500477165 -0.0019275911249500399 [26, 8]
-0.005764033501762043 -0.0022151009265116554 [27, 8]
0.004338238438648116 0.001133115350716538 [28, 8]
0.0017206449916103415 -0.0015353386428498994 [29, 8]
0.0024901424448578076 0.008439310775463045 [30, 8]
0.004144326630546838 0.0004494661028123877 [31, 8]
0.0023562122571466346 -0.0031840961779715732 [0, 9]
-0.0025539564619281143 0.005283152966786845 [1, 9]
-0.001942625981147077 -0.008435491802842265 [2, 9]
-0.00011052873412484675 -0.015438094942212911 [3, 9]
-0.0003733833116016152 0.0016941749171610052 [4, 9]
-0.008388787895176768 -0.02019550666165316 [5, 9]
-0.00022306008890245958 0.0009263039512095355 [6, 9]
0.01801185960937838 -0.027081483925807993 [7, 9]
-0.005453247425976175 -0.016405394964198853 [8, 9]
0.008140486587228015 0.012570089030348477 [9, 9]
-6.8972089316343245e-06 -0.012657036268403187 [10, 9]
0.00041874730877845085 0.003832919889224302 [11, 9]
-0.002350609384448281 -0.004440240561587936 [12, 9]
0.002926451959567345 -0.009987847662417192 [13, 9]
0.0023679321169686484 -0.005395911471726729 [14, 9]
-0.002166660711543651 0.004316799020405764 [15, 9]
-0.00075494112018028 0.0022886768846769926 [16, 9]
0.0034489972024721476 -0.0015916603735262466 [17, 9]
0.005710946752455625 0.016544953826420895 [18, 9]
0.009876255117186303 0.002573502910774966 [19, 9]
0.008456195644025192 0.0021726220245816825 [20, 9]
-0.0007067174142883739 -0.007964174110582296 [21, 9]
0.00336649132765024 5.62121713124513e-05 [22, 9]
-0.008612604127713667 -0.0004908949217176193 [23, 9]
-0.0036233472410755344 -0.009403686554534453 [24, 9]
-0.011551464072396584 0.011562521684817039 [25, 9]
0.003626976874164541 0.006003756439948175 [26, 9]
0.005492850497242339 -0.010687623946971448 [27, 9]
-0.0034149042069965495 0.001584766331397838 [28, 9]
0.006615803640652315 -0.0005745117494114001 [29, 9]
-0.001556079345651994 -0.011463537070171836 [30, 9]
0.0012677613896180503 -0.006169969395896425 [31, 9]
0.006816303537828797 -0.009908931182799913 [0, 10]
0.005164243621089882 0.002842756008089843 [1, 10]
0.008824031201557765 -0.008598346051714847 [2, 10]
0.0017618830843196727 0.01932612044240943 [3, 10]
0.0002349939018227973 -0.001526367090953519 [4, 10]
-0.0030648978257595562 -0.007445016135468896 [5, 10]
0.007910392509197048 0.019361433116373842 [6, 10]
-0.0012970606625392512 -0.0016031976392599533 [7, 10]
0.002588118733703428 -0.01672144812792448 [8, 10]
-0.0023489817724748666 0.0011077388171121102 [9, 10]
0.006677170343489818 0.0070106119450292275 [10, 10]
0.006845172377044564 -0.0055183551141756906 [11, 10]
0.0031682640334690366 -0.008565747296032357 [12, 10]
-0.005712358799063431 -0.011873959013961011 [13, 10]
0.0034027880186878823 -0.005856168176826129 [14, 10]
-0.001978992376466286 0.0002211739229644435 [15, 10]
0.0021725957335360186 -0.008284279897066482 [16, 10]
-0.0007928154307525738 -0.0028725269557112825 [17, 10]
-0.0012875636150565955 -0.002679809296628905 [18, 10]
-0.010614935070154631 -0.0009487376653580939 [19, 10]
0.007480080277114557 0.009999397280381444 [20, 10]
0.00519444279928629 0.010719929412326348 [21, 10]
0.005386217909915409 0.006406437757779745 [22, 10]
0.0050275902266569035 0.003273669601850875 [23, 10]
-0.0028694410889617897 -0.005611871301996825 [24, 10]
0.00017276766897039633 0.0069815360821511374 [25, 10]
0.0006253054920302479 0.003879969024227856 [26, 10]
-0.0010611442110221609 0.002062105932364827 [27, 10]
-0.0017275492824291912 0.001495701352634178 [28, 10]
-0.004341585482026956 0.012111558421610153 [29, 10]
-0.0023089968476197823 0.0013324319780419127 [30, 10]
-0.01023785126207222 -0.002397431602262802 [31, 10]
0.0016299745315926898 0.011890832179229078 [0, 11]
-0.00038295872098168134 0.0038050905573827113 [1, 11]
0.007223584138776047 0.0010575182810996673 [2, 11]
0.002412557866644026 -0.013448953915045851 [3, 11]
0.0047128340534039964 -0.004136040062239878 [4, 11]
0.009163267256854329 -0.0029549745534074552 [5, 11]
-0.001898396356992276 0.0019536699176157363 [6, 11]
0.004760021958558589 0.008150611726213744 [7, 11]
-0.008048695414860982 2.697056504484251e-05 [8, 11]
0.003620304199220539 0.001596987495027576 [9, 11]
0.008724939230121413 0.0015403040157500952 [10, 11]
-0.0004638382304089213 -0.014364377256813474 [11, 11]
0.001291577263463928 -0.0008337943481230597 [12, 11]
-0.010223480869049345 0.017687584723786988 [13, 11]
-0.00667925730763339 -0.008434751162357765 [14, 11]
0.0033213465188571207 -0.01491575240712135 [15, 11]
0.0020531680345099498 -0.002967292862897403 [16, 11]
-0.008552221299547203 0.019384176354647082 [17, 11]
-0.012421500057069395 -0.01666552917815824 [18, 11]
0.003035330397039999 0.001726663189900943 [19, 11]
-0.0041226851730573055 0.015643957334032597 [20, 11]
0.006205630271901498 -0.005324786565597948 [21, 11]
-0.002335092424237857 -0.008611676710244626 [22, 11]
-0.003423855063625564 0.0054676201298291555 [23, 11]
-0.0044048007151515555 0.0007867130916538103 [24, 11]
-0.0009655580589614367 -0.0028389893816688134 [25, 11]
0.0020222303760075266 0.010072416367278432 [26, 11]
-0.00022003963247577187 -0.013531996910888182 [27, 11]
-0.00020074181453077347 -0.004960142582321832 [28, 11]
-0.0008780746714022931 -0.000509802513572918 [29, 11]
-0.0008844748116095651 -0.0004747773673445956 [30, 11]
0.002089120329173118 -0.0025425914187490626 [31, 11]
0.004883046955569813 -0.008129095170956233 [0, 12]
0.004766185559710369 0.0019832422203768514 [1, 12]
0.0017138861599551645 0.007121313271818551 [2, 12]
-0.0034126734177693987 -0.005520344215713733 [3, 12]
-0.00018797756169498567 0.0022955612431664156 [4, 12]
0.007762674591733152 0.013864443887404142 [5, 12]
0.00034091853018290843 0.0037548951496575106 [6, 12]
-0.00015752615191482844 -0.0024741380599404583 [7, 12]
-0.0054812136727942174 0.0006066741471032606 [8, 12]
-0.0014756795329842044 0.006756331556277745 [9, 12]
-0.003201344630327979 -0.0015459985457564789 [10, 12]
-0.0032344873199717512 -0.0018897261846025405 [11, 12]
-0.008582658244320836 -0.0009450196344281786 [12, 12]
0.003490858688710751 -0.002632699148897416 [13, 12]
-0.004619673338575758 -0.01294898177695435 [14, 12]
0.0027190618346733817 -0.001727918393983698 [15, 12]
-0.0071378493278475875 -0.008201641243742718 [16, 12]
0.00018856486453466882 -0.00810809265062736 [17, 12]
-0.001285157846222036 -0.0019081648499069315 [18, 12]
0.001454925723650232 -0.0011790750021600023 [19, 12]
0.005742823069834604 -0.010200950491205646 [20, 12]
-0.005153402337074483 -0.0001332319434036335 [21, 12]
0.009564899693606247 -0.008623072830426057 [22, 12]
0.011634313315142622 0.007654448698989527 [23, 12]
-0.003868742600504254 0.002715564657604101 [24, 12]
0.0003970419285145922 -0.007055311118495845 [25, 12]
-0.0021092689992327613 -0.009169375657706286 [26, 12]
-0.005191976070440708 -0.0009825293941150826 [27, 12]
-0.01167017518360789 -0.0031230061842288754 [28, 12]
-0.004292184176447831 0.010035512596956736 [29, 12]
-0.005697856768563939 0.0008200516583169737 [30, 12]
0.00042632316836846716 0.010164920148488773 [31, 12]
0.000475243681287803 0.009785196703114712 [0, 13]
-0.008804678875345034 -0.007183736212159553 [1, 13]
-0.0056377892306829 0.002177436492040636 [2, 13]
0.0159109047265043 0.002125450598756137 [3, 13]
0.0013798343197189407 0.00766295761307896 [4, 13]
0.0019311472951697285 -0.016350917088276642 [5, 13]
-0.008785029556194528 0.004040729549681072 [6, 13]
0.0023485256509288245 -0.014302933428544407 [7, 13]
-0.007826471971967154 0.008050685650542115 [8, 13]
-0.004476220620275636 0.018656348822501643 [9, 13]
-0.005552366902712274 -0.005598909904909625 [10, 13]
-0.0007899482705763443 -0.002285340483142234 [11, 13]
0.0014678600505385598 0.006959037037610536 [12, 13]
0.002961022559034381 -0.00550571112071872 [13, 13]
0.0026697444554984644 0.0009350661551228147 [14, 13]
0.0018495772445577701 -0.015919314410637334 [15, 13]
0.002249865295346298 -0.0035745015763448216 [16, 13]
0.0124526399739248 -0.014798803906647959 [17, 13]
-0.0029056012411800497 0.004689769496242084 [18, 13]
-0.0038054953791322537 0.006484574692030307 [19, 13]
0.012409818973016944 -0.003077172600349146 [20, 13]
-0.009980439312600927 0.009132309982667567 [21, 13]
0.0048262099160999595 0.004035953306535102 [22, 13]
0.0030504170786673033 0.01385923801040997 [23, 13]
0.0041705319753533535 0.013575781784102611 [24, 13]
0.0075412972172618255 -0.012912045285192627 [25, 13]
-0.00558249517348533 -0.011099345119452275 [26, 13]
-0.009010701628819671 -0.0046541048036381665 [27, 13]
0.001878721240015808 0.00020734311137103598 [28, 13]
-0.0021913636956432344 0.007902192358117007 [29, 13]
-0.003465940827024879 -0.015438926071665448 [30, 13]
-0.0025337315182489316 -2.2740561763333956e-05 [31, 13]
-0.003421137984176139 0.006560082284793439 [0, 14]
0.0008761899280397426 0.004178098182445809 [1, 14]
-0.0032918134765315735 0.008670089209047558 [2, 14]
-0.004119065582245865 -0.021856248400417493 [3, 14]
-0.0033176317892303986 -0.01388994773596171 [4, 14]
-0.0005806340335402565 -0.0034023448334331956 [5, 14]
-0.006683084037988179 0.01719182211837307 [6, 14]
0.001110060020094693 0.0021010938219124483 [7, 14]
-0.007379604704693744 -0.010079757192748867 [8, 14]
0.0017557625315174717 0.013305641371060127 [9, 14]
-0.009979409079005864 -0.004137320229341952 [10, 14]
-2.1383399071794285e-05 0.005935989409379783 [11, 14]
-0.011234741411813675 0.004022016332140407 [12, 14]
-0.006830919257090081 -0.00438423482431767 [13, 14]
0.0017608156676813765 0.0003390420991279321 [14, 14]
0.010569235123506484 -0.02396985053358126 [15, 14]
0.013467310468750097 0.005734262987124561 [16, 14]
0.005850345073755877 -0.006422784928065838 [17, 14]
0.0038827400059738815 0.01543166234290741 [18, 14]
-0.001148125751525804 -0.012763884863720267 [19, 14]
0.006961768078584166 0.008224258594426308 [20, 14]
-0.012865495558103655 0.0014704621949491374 [21, 14]
-0.0018966653020556284 -0.0005015080336974565 [22, 14]
0.00043230516322860426 0.0036924583879878597 [23, 14]
-0.0006603638114396218 -0.021015391927152897 [24, 14]
-0.0037317201057348623 -0.01704582210960346 [25, 14]
-0.008181619207639271 -0.00036673406822728544 [26, 14]
0.004858339832039501 0.023577752077094057 [27, 14]
-0.0026106883178200527 -0.012458003059361079 [28, 14]
-0.00487983706605064 0.005367981766478109 [29, 14]
0.006430479944105165 -0.0073886732295025195 [30, 14]
-0.001334420380083276 0.012187567069951034 [31, 14]
-0.008276106385970481 -0.012113029127416268 [0, 15]
0.005213849325181661 0.002207172261913975 [1, 15]
-0.0021875260522914216 -0.009047733882626677 [2, 15]
-0.003223883699743104 -0.011824988897180488 [3, 15]
0.002845855688807394 -0.010846405389033401 [4, 15]
0.0009540624352831509 -0.01013362736774055 [5, 15]
0.0032262067370196637 0.014164654131845993 [6, 15]
0.0026125134820979457 0.0025194545520356125 [7, 15]
0.0004329656135742036 0.005781487180119737 [8, 15]
0.003339357435173447 0.0031196801158503993 [9, 15]
-0.002641990289233882 -0.004044851224166227 [10, 15]
0.0010486811268884183 0.0037230410579855333 [11, 15]
0.004383525577388413 -0.017878710293865282 [12, 15]
-0.004730359018939549 0.00596426686825189 [13, 15]
0.004716474632663159 -0.0022270010741719925 [14, 15]
-0.0005133713912210096 0.014159126077538121 [15, 15]
-0.005353828524277683 0.00671672930802138 [16, 15]
-0.000878010804476004 0.0013538729597248889 [17, 15]
-0.012710326466556255 -0.007694368813810425 [18, 15]
-0.0072808663557869715 -0.005602000607475592 [19, 15]
-0.011471880736137332 0.009941415086441077 [20, 15]
0.008855841639828037 0.009401662240671304 [21, 15]
-0.010083918514076674 0.010651022177502332 [22, 15]
-0.0026378147155712082 -0.001591873284432843 [23, 15]
-0.006721344304074277 -0.015000433679166751 [24, 15]
0.009059435478183869 -0.008625326833762959 [25, 15]
0.013586227396541329 -0.007369906982953145 [26, 15]
0.006532094442214915 -0.00318336884387693 [27, 15]
0.00266915173245686 0.0033690783474651063 [28, 15]
-0.0007411334819650207 0.0003544146315852281 [29, 15]
-0.002733905787749395 -0.014358798038950231 [30, 15]
-0.0004477588204233281 -0.0007953031816020763 [31, 15]
-0.0030051767960066547 -0.0036773224799845875 [0, 16]
-0.0015360813204983166 0.007389628965299883 [1, 16]
-0.0006349965510155846 -0.004802814679285574 [2, 16]
0.003201660353349698 0.0004988868096859087 [3, 16]
0.0005445035865093278 0.000631984575288209 [4, 16]
-0.01144216551428659 0.010362725706518782 [5, 16]
-0.0028169999330283327 -0.012201711476851364 [6, 16]
0.01060382072484396 -0.006075476379294434 [7, 16]
-0.005357701653765756 -0.005422598732483094 [8, 16]
-0.008046685597099718 0.008335406632849507 [9, 16]
0.0011575111513404202 0.009328772090641212 [10, 16]
-0.003132541000423859 -0.008734659512156316 [11, 16]
0.0021548326808383807 0.007806601360361077 [12, 16]
-0.0007924362971905068 0.02011045279134353 [13, 16]
-0.004098015172040501 -0.00016467979352303367 [14, 16]
-0.000803770045283335 0.0031217512241468307 [15, 16]
-0.004554655198226403 -0.001163462050124369 [16, 16]
-0.008579565073889251 -0.002809381721337638 [17, 16]
0.000537206314375071 0.002538278985760272 [18, 16]
-0.00019246781068377034 0.006546930907256129 [19, 16]
0.00040588259566348613 0.013781602822632674 [20, 16]
0.008133114100119701 0.003803623857601407 [21, 16]
-0.0008858990458751415 0.021516335285944845 [22, 16]
-0.0005101291147752973 -0.01404669183085148 [23, 16]
-0.0058874131180039575 -0.00463160152833771 [24, 16]
-0.012098459269577217 0.01311005360456393 [25, 16]
-0.0077543799163214 0.010037560722080861 [26, 16]
-0.00023367239392559351 0.008105417606683887 [27, 16]
0.0047469235211704385 0.007010733775176185 [28, 16]
-0.00019258849445641848 0.00781807409191479 [29, 16]
0.01474174144908943 0.020316680333610507 [30, 16]
-0.0013377100202256874 -0.0013741890067168285 [31, 16]
0.0013213078532533112 -0.00878832342172226 [0, 17]
-0.00776544266071344 0.00020037618067448714 [1, 17]
-0.005722678083897403 -0.0045505497508485605 [2, 17]
-0.0012558191603274389 0.007609831531249639 [3, 17]
-0.0011573311279949267 0.0068548148340218384 [4, 17]
-0.01065550951642053 0.0031466242292844527 [5, 17]
0.0019736780250215243 0.016888063364600647 [6, 17]
0.005036756406603135 0.003913477196345575 [7, 17]
0.0025196517698016555 -0.003026592563890744 [8, 17]
-0.016179789465473965 0.004035096232726982 [9, 17]
-0.002735457441124454 0.010750617756626706 [10, 17]
-0.006721426734405115 -0.006598413133663901 [11, 17]
0.003889738944927191 0.005667824230986615 [12, 17]
-0.005997138658356338 -0.0008340464795280453 [13, 17]
-0.005011177124037474 0.0012472951935856476 [14, 17]
0.010734145448436873 0.015613186421717306 [15, 17]
6.648795196130091e-05 -0.009083998007212072 [16, 17]
-0.002098734333828143 -0.01605411410852887 [17, 17]
0.004280057337489218 -0.011331409088841745 [18, 17]
0.0026124075733092124 -0.00492728623970618 [19, 17]
-0.016588799825217916 0.0068661864857363685 [20, 17]
-0.007264550568357258 0.003573410520585836 [21, 17]
-0.005339014067852187 0.010816780076065392 [22, 17]
-0.0026929100652463536 -0.0003378145719075811 [23, 17]
-0.007179168771234393 -0.0027282359457227357 [24, 17]
-0.0033693807247181283 -0.014295850095682006 [25, 17]
0.002120394203044158 0.008803873867909899 [26, 17]
0.0031351654261059935 -0.004590965786205643 [27, 17]
0.007829191052210707 -0.0007773387112714166 [28, 17]
0.004585139559665213 0.008393484731669707 [29, 17]
0.003332936235600666 0.010234124945273156 [30, 17]
0.002322782212645722 -0.008869295951254073 [31, 17]
-0.013795357741254873 -0.003480744508679325 [0, 18]
0.0031218222551429014 0.0034911432570193393 [1, 18]
-0.0016152159663241697 -0.0077427529368139115 [2, 18]
0.0018798102888387886 -0.007302355513131589 [3, 18]
-0.0065934671466751195 -0.005369478212929222 [4, 18]
-0.00025292738450070305 0.001415051205104929 [5, 18]
-0.0015403221045132516 0.002567148653116442 [6, 18]
-0.004988491175127117 -0.012763092990706734 [7, 18]
0.006012912552286983 0.008024066963090498 [8, 18]
0.0006785508478684329 -0.0021868556321941175 [9, 18]
-0.00024548407886199205 0.0008189291694731288 [10, 18]
0.0034406660734332003 0.0015436144083173448 [11, 18]
0.004231989212378658 -0.010320213123077772 [12, 18]
-0.00263249851967509 -0.0043966398675069915 [13, 18]
-0.004615581398884071 0.020631172283243942 [14, 18]
-0.0008187833293905368 0.0006405283466794517 [15, 18]
0.001499119245121826 -0.0037457863491701777 [16, 18]
-0.005887699887612166 0.000682689764991265 [17, 18]
-0.009646312236613148 -0.006935059260955699 [18, 18]
-0.011810829318816305 0.00159360678481388 [19, 18]
-0.005336779934097535 -0.014521737705166135 [20, 18]
0.006536236554714363 0.0010702633048953543 [21, 18]
0.003604139440688201 -0.00135237988996834 [22, 18]
-0.001247761678505822 0.011191218974564215 [23, 18]
0.0036944203502787373 -0.013508183009709357 [24, 18]
0.0024483746227689056 -0.012485492305318757 [25, 18]
0.002121958652212882 -0.0075288472441352675 [26, 18]
-0.002755709730848945 -0.011613858622623652 [27, 18]
0.0006367044922327728 0.0028055326318540304 [28, 18]
0.00327002885089185 0.007900139798971617 [29, 18]
-0.008761952625263462 -0.007535903765136967 [30, 18]
-4.984664224007007e-05 -0.0023266315917588975 [31, 18]
0.007201882979871079 -0.0046648223776996605 [0, 19]
0.011087141792115984 0.004676001957395958 [1, 19]
0.0011218344298064983 -0.0025246893902524815 [2, 19]
-0.006607634354284431 -0.010335562030400841 [3, 19]
-0.004203771442287726 0.010346482994590147 [4, 19]
0.003113806387806 0.014223555001044054 [5, 19]
-0.00822851972253997 0.02185138535624637 [6, 19]
-0.0017508928012944247 -0.0028891408902810317 [7, 19]
-0.006566620656035356 -0.005967315412355241 [8, 19]
0.009689229704700762 0.001685080594441016 [9, 19]
-0.006152950897840258 -0.0033740356420619505 [10, 19]
0.0013202999919147006 0.003197927148909491 [11, 19]
0.009960161788549665 -0.0015462632799232896 [12, 19]
-0.004460000176549269 0.005035010139001825 [13, 19]
0.010432094227375012 -0.01521576851343379 [14, 19]
0.0020799996698887485 -0.0014527814068845623 [15, 19]
-0.0015862310618771664 -0.027146779720873142 [16, 19]
0.014876980588924688 -0.00040663417070250455 [17, 19]
-0.004042190958035456 -0.00815905949804318 [18, 19]
-0.010087799847123121 0.026861847657363554 [19, 19]
-0.007135046648182185 0.010877216498105684 [20, 19]
-0.006602987753172793 0.004222602784135872 [21, 19]
0.0054441985856686385 -0.02391359065696105 [22, 19]
0.00521141974705266 0.002533884648123296 [23, 19]
0.004294287080601797 -0.009984593307686354 [24, 19]
-0.0020202498304810767 0.004085529471302497 [25, 19]
-0.004293871301791487 0.0065687417812904676 [26, 19]
0.006324569186522371 -0.005025068519505914 [27, 19]
-0.007624938190607677 0.001686399942825087 [28, 19]
-0.0021351319095936124 0.00757560693107887 [29, 19]
-0.004674741302064414 0.0009537664096293052 [30, 19]
0.0010054572998783463 0.006092437402278092 [31, 19]
-0.0012654263503954258 -0.014777070953638094 [0, 20]
0.0031132000017559626 -0.002075074253779219 [1, 20]
-0.0106596485504114 -0.0020451393887231805 [2, 20]
-0.0038132792001610988 -0.007975594480908281 [3, 20]
-0.0013000115113760162 0.022409219315256516 [4, 20]
0.006053363538481125 -0.003092895833284314 [5, 20]
-0.0028504815985139426 0.012941247338405132 [6, 20]
0.0022708849526719395 -0.001159206386768211 [7, 20]
-0.009797319829775317 -0.00850682077008523 [8, 20]
-0.006396206116504334 -0.0015785386910392412 [9, 20]
0.004734708106510448 0.009017554729207868 [10, 20]
0.0017931789011543778 0.023280589499538963 [11, 20]
-0.002562684598656769 0.006842232316550782 [12, 20]
0.0062481644200289 -0.00706747559901017 [13, 20]
-0.007133725420354948 0.0020418633140671925 [14, 20]
-0.003271655464381991 -0.005882015550031436 [15, 20]
0.0033901978047071587 0.006247398036958068 [16, 20]
-0.0037506655326974667 -0.007829828602381414 [17, 20]
-0.005248155979833658 -0.006452784572378555 [18, 20]
0.0009169605823058449 0.007833020552579116 [19, 20]
-0.005637591040682382 -0.0030223475094661423 [20, 20]
0.015241905998484065 -0.0047284949493139 [21, 20]
-0.006945080603275626 -0.0084728008448156 [22, 20]
0.005450557752689389 -0.003346420082907239 [23, 20]
-0.002752585450252017 0.02114395869808587 [24, 20]
0.0028899912644116854 0.0018077201629173644 [25, 20]
0.005394798972554341 0.003982129297084579 [26, 20]
0.005892301575771214 -0.012166641181032977 [27, 20]
0.008730046579806385 0.004188572179436127 [28, 20]
0.009846899433519523 -0.014781880881734048 [29, 20]
-0.002665794124815335 0.005339701145634804 [30, 20]
-0.006221207348345972 0.00023591100033422307 [31, 20]
0.006295421634049322 0.0014708022862614297 [0, 21]
-0.009577739890521849 -0.009076186186280304 [1, 21]
-0.010719262322103679 0.0019703584356738873 [2, 21]
-0.002271266147268841 0.019625439512097536 [3, 21]
0.0019066261604051378 0.0007250522669004387 [4, 21]
-0.004053372654329876 0.001990806090939653 [5, 21]
0.008365643351539255 0.0006474326018286511 [6, 21]
0.004189248960913257 -0.004959680614043825 [7, 21]
-0.0007641306947796934 -0.005658199914114912 [8, 21]
0.00659334621163871 0.0023319108573892425 [9, 21]
-0.007545600793788718 -0.010505767693949128 [10, 21]
-0.003166230148676429 -0.017747743835130954 [11, 21]
-0.008925978215860043 -0.0008717375429726045 [12, 21]
0.005274129808156472 0.005709659404157811 [13, 21]
-0.0003787548194218883 -0.0009719018560654086 [14, 21]
0.0004578477452790304 0.0157107694588144 [15, 21]
0.008611908131317032 -0.009194989598452228 [16, 21]
-0.004117900671854355 -0.007173860132377753 [17, 21]
-0.0054563647237933005 0.008096907455494608 [18, 21]
0.0014914285038150736 -0.0009176441539135168 [19, 21]
-0.00989339036698936 -0.0017599606037907395 [20, 21]
0.0020506404421036396 -0.0010392575060263576 [21, 21]
-0.0003232348561433213 0.0018942111098203325 [22, 21]
-0.015497633653775876 -0.003087677352246558 [23, 21]
0.007907825971018712 0.015820003380740542 [24, 21]
0.0015124312126890602 0.012566111049017536 [25, 21]
0.0036702488779326095 -0.016244556330547527 [26, 21]
0.002113484401725047 -0.001139879026231684 [27, 21]
-0.0020664728525661325 -0.0069452554704132795 [28, 21]
0.0042549500497951285 -0.009448555104357602 [29, 21]
-0.0015563991258629498 0.01713423554553182 [30, 21]
-0.00519596681710342 -0.016162703354819986 [31, 21]
0.0023012577912320782 -0.005569205503035229 [0, 22]
0.005696203285956491 -0.014370801222694842 [1, 22]
-0.0017729197519541521 -0.007805812547393091 [2, 22]
0.0019607248835862316 0.0020894789680502295 [3, 22]
0.008389630354673216 -0.007034701560836808 [4, 22]
0.012654350629644482 -0.007277172800780873 [5, 22]
-0.0096234578007296 0.02739835062812799 [6, 22]
-0.0014071930275055908 -0.0008978495297958652 [7, 22]
0.0016910680654671393 -0.008763615497178707 [8, 22]
-0.00274951780646985 0.0010761986367237325 [9, 22]
0.0013893658940014155 0.007305179065273364 [10, 22]
0.0032217463290021633 0.010141657908859647 [11, 22]
0.006385245946424821 -0.0028501695502848056 [12, 22]
0.0032253779671620715 0.001740913875729292 [13, 22]
-0.008996980049161479 0.021188915838573436 [14, 22]
0.010018310487410398 -0.0006908188718945638 [15, 22]
-0.004571565575084816 -0.015942568480651547 [16, 22]
0.00849264560160102 -0.018107907580328257 [17, 22]
0.0072670283058953985 -0.00907062821604562 [18, 22]
-0.00015152659329845244 -0.006622279928056936 [19, 22]
-0.002643332411921758 0.004218011294395109 [20, 22]
0.0013966427775469327 -0.001548363118932713 [21, 22]
0.0006542607910370069 -0.002975754889541051 [22, 22]
-0.003595953784175696 -0.006598500256710937 [23, 22]
0.004311080219017906 -0.004205527137664547 [24, 22]
-0.003755891472459563 -0.0015685387671594412 [25, 22]
0.00412208406249863 0.0030575348679376785 [26, 22]
-0.003002359955637469 0.009840628839533674 [27, 22]
-0.00438211793926973 0.017758115169181472 [28, 22]
-1.2266688555562796e-05 0.004224514965998193 [29, 22]
0.005277425588786401 -0.00033124696165792147 [30, 22]
-0.0012145506956649213 0.002487223958279073 [31, 22]
0.007222537526066313 0.004344665318823856 [0, 23]
-0.007886841706819685 -0.017870012132591002 [1, 23]
-0.008234631948234549 0.024550671880704724 [2, 23]
0.001560418320410613 -0.006997511856948678 [3, 23]
-0.0014807510231764685 -0.0016957526569927575 [4, 23]
0.0006814422599007128 0.000458473071652128 [5, 23]
0.003623644460351129 -0.005606497667586456 [6, 23]
0.0008653774999461802 -0.018841012725035983 [7, 23]
0.006718053783654122 0.0034974608462360313 [8, 23]
0.003053528759393558 0.010009057444123061 [9, 23]
0.002186710544975674 0.0010788230049117783 [10, 23]
0.007177127786391708 0.009906732322414423 [11, 23]
-0.0038169228925136484 0.0018955297159607134 [12, 23]
-0.0019165467038586668 -0.002555101976611135 [13, 23]
0.006418977767781503 0.008132726761541491 [14, 23]
-0.009227651742558607 0.013494844522973096 [15, 23]
-0.0054855162674993935 -0.008339673378706624 [16, 23]
-0.003634360369196464 -0.010356703286437828 [17, 23]
-0.004616400665209287 -0.013077630122033028 [18, 23]
0.006081549384697298 0.018552433877419356 [19, 23]
0.0023042119251997653 -0.003460299816272494 [20, 23]
-0.0005199567450290957 -0.0041397327752098435 [21, 23]
0.011331641855148138 -0.015648328339410794 [22, 23]
-0.0019685781247577253 0.018007173876555354 [23, 23]
0.0021778353567847813 0.00785991106548682 [24, 23]
0.0051181695364684865 -0.004862955751427122 [25, 23]
0.000984636456633468 0.0005510944236186373 [26, 23]
0.0033197889756010563 0.002958887155608542 [27, 23]
0.00802534675653557 0.00033171658860257116 [28, 23]
-0.011866409328161007 0.0012895882325221033 [29, 23]
-0.0017724483399471505 -0.0003288754763694218 [30, 23]
0.0015650645458783403 0.010882056000238142 [31, 23]
-2.070314810292024e-05 0.0001386053332616428 [0, 24]
-0.005653040872766166 -0.0012565239604058864 [1, 24]
-0.0017289991492187176 0.014195617896867548 [2, 24]
-0.0022946234547374217 0.013395214258002467 [3, 24]
-0.005834360344962588 -0.0003257758700722276 [4, 24]
0.009900715065076072 -0.001977120128392298 [5, 24]
-0.003903830987677029 0.002924692824298684 [6, 24]
-0.0005514950606228087 -0.0002142477549272752 [7, 24]
-0.0014957434817719016 0.017835575254103495 [8, 24]
-0.00619236040498371 -0.0026164325356315605 [9, 24]
-0.0008366659143350093 0.011522348514122954 [10, 24]
-0.0037247595485546984 -0.010999470448315844 [11, 24]
3.4383776516622256e-05 -0.024390888564761064 [12, 24]
-0.0002875310097217229 0.0020138830229408772 [13, 24]
-0.005807665527919027 0.006992659244890251 [14, 24]
0.008669816408722053 -0.007474211433194764 [15, 24]
-0.011491143463141847 -0.015278470727277355 [16, 24]
0.0028163904818501533 -0.02180197741296409 [17, 24]
0.00141898815397982 -0.004203985392330419 [18, 24]
-0.011691189939797066 -0.019191433812615972 [19, 24]
-0.0008312638629097574 0.008809886233055004 [20, 24]
0.012200336775694078 0.019170510657444483 [21, 24]
-0.004475911837966153 -0.00372656359971876 [22, 24]
-4.246497491369322e-05 0.001900024095930046 [23, 24]
-0.0028808630700372637 -0.0004230958448879979 [24, 24]
0.0010624558970876749 0.013514907117796298 [25, 24]
-0.005230832121588465 -0.016398421474641024 [26, 24]
-0.0022411464588306365 0.0029757662556482395 [27, 24]
0.003896968916097187 0.003132956796728889 [28, 24]
-0.005432002791672221 0.009566910701684861 [29, 24]
0.0006218061214527859 0.007680117658091186 [30, 24]
0.005742152116723171 -0.0036405477737815753 [31, 24]
0.0022102760498298284 0.013390396234601188 [0, 25]
-0.003914035054874576 0.00390291343351078 [1, 25]
-0.004299945084125783 0.0033645741877632506 [2, 25]
0.008378397319860927 -0.0007224578988507084 [3, 25]
0.004209990996605011 0.013554370726480348 [4, 25]
-0.00542914884086191 0.005503608825902769 [5, 25]
0.005459405716321876 -0.004022641579968848 [6, 25]
-0.0017543381794565367 0.00624312778962521 [7, 25]
-0.010237757437456894 0.00956184809217398 [8, 25]
-0.012332933646722038 -0.001931934032207271 [9, 25]
-0.007197042437693605 0.002278521564277566 [10, 25]
-0.004401483551245508 0.01191855942654475 [11, 25]
-0.007245530977521254 -0.003529799834468514 [12, 25]
-0.0015158648699063091 0.020194994121716197 [13, 25]
0.002089553786081066 0.00035977983719830635 [14, 25]
-0.004604162249268543 0.017815601062745667 [15, 25]
0.0066401012951606865 -0.0020261073432404583 [16, 25]
0.0002942632377658833 -0.007466067585978105 [17, 25]
-0.0028238504708590724 0.019181978801222403 [18, 25]
-0.004168493171851691 -0.009364933892957877 [19, 25]
-0.004911473061111632 -0.0126963474521065 [20, 25]
0.0009525093910142115 -0.01436160485158668 [21, 25]
0.0024121881073133886 -0.007569757923668446 [22, 25]
0.00359758965244839 0.01164233759419964 [23, 25]
0.0009774414212299224 0.004349981968627527 [24, 25]
0.0016166811916910552 -0.011286917699248918 [25, 25]
0.004618375162497393 -0.0016437363344542538 [26, 25]
-0.00495216889574173 0.006387578587697692 [27, 25]
0.0056271568509419344 -0.0015174623902131214 [28, 25]
0.00014999010549879218 0.0049294828898544946 [29, 25]
0.004843187181118525 -0.01325433211180303 [30, 25]
-0.0035554721901587005 0.0025185321850602093 [31, 25]
0.00012412567097240442 0.0040936376287516 [0, 26]
0.0001391577000509516 0.0018972086338622947 [1, 26]
0.006339971792352991 -0.02437798308719352 [2, 26]
-0.005771891151015007 -9.835038154611453e-05 [3, 26]
-0.003759707787162437 -0.0026469681215266477 [4, 26]
-0.005934416360553225 0.011001397153818445 [5, 26]
-0.007746030963893352 0.0007021370908628922 [6, 26]
-0.004503734624203097 0.009024641712144147 [7, 26]
-0.006193180752351773 -0.001936405508004687 [8, 26]
-0.00023367578358375545 0.005457026828220997 [9, 26]
0.0028022759633036303 0.015555666701400643 [10, 26]
0.001790469536855438 0.002944554152845956 [11, 26]
-0.0005151267790492998 0.011787497340512425 [12, 26]
-0.001954876076414035 0.0064827618021828775 [13, 26]
0.002881755681275426 -0.011421497763681341 [14, 26]
-2.4385208445100713e-05 -0.003249610100024974 [15, 26]
-0.0118379207995861 -6.30992507019063e-05 [16, 26]
-0.0016962576931603963 0.004127292904931082 [17, 26]
-0.003961641525041049 0.009487114916260326 [18, 26]
-0.0024721599170973393 -0.004078638442915912 [19, 26]
0.00825641389045729 0.002394040514850051 [20, 26]
-0.00033114567656179663 -0.004729939229395384 [21, 26]
0.004457517276066326 0.013435180638304912 [22, 26]
0.00579993661946241 -0.0020540856900948205 [23, 26]
0.00381004712069342 -0.0004967864817617259 [24, 26]
0.012109873431865117 -0.003746601371010115 [25, 26]
-0.002112044764465494 0.006580993783111344 [26, 26]
0.00024630587296275194 -0.008979210276039177 [27, 26]
0.000803384170619137 -0.015385815761904446 [28, 26]
-0.00273896474709805 -0.0014972944192547268 [29, 26]
-0.005783912099970608 0.0027208049575496514 [30, 26]
0.006064241439864302 0.011157874936511863 [31, 26]
-0.0014843069782544645 0.0055071042392195475 [0, 27]
-0.00401360810711865 0.011224864635707286 [1, 27]
0.0014818298734966694 -0.0010030860968132786 [2, 27]
-0.004916311017845665 0.005133347827519408 [3, 27]
0.0025765621295498185 -0.0034913213782667004 [4, 27]
-0.005976531261466665 -0.007651958491753116 [5, 27]
-0.0010636183612356186 -0.009432497529369204 [6, 27]
-0.009256806075465583 0.010686865549716108 [7, 27]
0.006240600040372579 -0.0064995029817035395 [8, 27]
0.005704991872747924 -0.011420798374893857 [9, 27]
0.00020413416831399102 -0.00750038734054919 [10, 27]
-0.009966819523434926 -0.004521571348650491 [11, 27]
0.004846158788470585 -0.008069495404740641 [12, 27]
0.004275861325828139 -0.004802736004117493 [13, 27]
-0.0016972820936153818 0.014049219820734715 [14, 27]
0.010320633673012489 -0.004333853610613808 [15, 27]
-0.0004255993754770729 -0.0137155738703658 [16, 27]
0.002469084216977722 0.0013546871805606014 [17, 27]
0.00525520316700104 -0.009763217682902187 [18, 27]
-0.0039109744694584 0.003205875236847285 [19, 27]
-0.006211084145852403 -0.011453602710383547 [20, 27]
-0.005758277097558718 0.009344914982195194 [21, 27]
-0.0005425891724711528 -0.007969104646238144 [22, 27]
-0.0016407418371446696 0.002590972270574932 [23, 27]
-0.0004151675751863338 -0.025404192481549744 [24, 27]
0.005440560018190527 0.006112401776379486 [25, 27]
-0.00043056220485190405 0.005411216775959525 [26, 27]
-0.00456208446015998 0.006424731311307927 [27, 27]
-0.0021069872677919542 0.012376150057924128 [28, 27]
-0.0035845236389035304 -0.0038341448097459485 [29, 27]
-0.0034338230599976058 -0.009804795352752485 [30, 27]
-0.0037948747293413414 0.005196305300273611 [31, 27]
0.013910514552199327 -0.015454241725195082 [0, 28]
-0.00036855687276901225 0.014095744234727389 [1, 28]
0.00025678335135619355 0.004351733637447452 [2, 28]
0.0012977814730860842 0.0001449209454042611 [3, 28]
0.005919948581519386 0.011646446624899194 [4, 28]
-9.143892030014292e-05 0.0033193751791855907 [5, 28]
-1.1214979789561942e-05 -0.006742452297573053 [6, 28]
0.0012693543832797208 0.004135763954547212 [7, 28]
0.007888894329366482 -0.013975514405238558 [8, 28]
0.0016326249988879561 0.0020404130634837972 [9, 28]
0.0018559887698379963 -0.003675625990202909 [10, 28]
0.0011990993141809101 0.00832977427164441 [11, 28]
0.0015360554196893663 -0.009275362775462297 [12, 28]
-0.003862025045566508 -0.0035334800224855025 [13, 28]
-0.002159825955662407 -8.16848542643808e-05 [14, 28]
-0.0017663598353809917 -0.008369915578975456 [15, 28]
-0.010542141063910462 0.012370960114379319 [16, 28]
-0.0038218381865585357 0.003658991512160419 [17, 28]
0.001131794459810787 -0.002403204718454494 [18, 28]
-0.0024812259222116583 -0.0041167728826687604 [19, 28]
-0.00041015981310624916 -0.001610097357448595 [20, 28]
0.0013837788982079616 -0.004240226329539225 [21, 28]
-0.0018647779358046208 -0.003764118329033081 [22, 28]
-0.011245606908204048 0.010511920499437001 [23, 28]
0.006433195195247598 0.0069010199838175895 [24, 28]
0.002904874660418396 0.004112078289226483 [25, 28]
0.0017679831530756718 -0.013023054609302448 [26, 28]
0.0019942593306701123 -0.0017232954046455195 [27, 28]
0.009989842756154837 -0.002529072913955125 [28, 28]
-0.004253861500677109 0.006702261030851095 [29, 28]
-0.0017322298284238773 -0.012054717574528268 [30, 28]
-0.01076790004248957 0.0010830702856619336 [31, 28]
0.0019182720469180137 -0.0014433216396559636 [0, 29]
-0.0007015594413908838 -0.0006202663665376998 [1, 29]
-0.0028893260690478874 -0.004275056877544182 [2, 29]
0.0007814081568130431 0.00556565118443207 [3, 29]
-0.005074875776450186 0.006299055132020967 [4, 29]
0.0017167749374503104 0.0027607875184844123 [5, 29]
-0.005094768989200641 0.0033057579750695896 [6, 29]
0.0004436775200569735 0.011587035273762156 [7, 29]
-0.006354031475848118 0.004063147755251078 [8, 29]
-0.009162729642802502 0.0019347877736341289 [9, 29]
-0.0023218203640220795 -0.0019556495712612127 [10, 29]
0.003552595861605665 -0.0026196251866518797 [11, 29]
-0.005229241859367875 0.0019079605100960095 [12, 29]
0.002415940175030191 -0.008562326223770653 [13, 29]
9.306528596110801e-05 -0.007692124144795747 [14, 29]
-0.00019351922890828416 -0.00530096256298277 [15, 29]
-0.00344799963515939 -0.004734398007709867 [16, 29]
0.0048832905577802285 0.00836149583811324 [17, 29]
0.002197666969871388 -0.008328346900481825 [18, 29]
0.0038688241649398832 0.0016162172613135989 [19, 29]
0.008622729565765758 -0.012083703586554003 [20, 29]
0.004411769490479002 0.006318895989614662 [21, 29]
-0.00019202903073401527 0.005104613850399315 [22, 29]
0.007875265913806415 -0.0020839825801978722 [23, 29]
-0.006052512190066922 -0.01907977247985821 [24, 29]
0.0001198254378806306 -0.009904583470482006 [25, 29]
-0.0018510543565213014 -0.008735875769714612 [26, 29]
-0.0001479391895855842 -0.002261510766059263 [27, 29]
-0.0028161015005122034 0.0016104916942483957 [28, 29]
0.0009847569597619564 -0.005025335384052201 [29, 29]
0.0017103734908631091 0.004982098870536786 [30, 29]
-0.0015499771714741768 -0.006552491138730527 [31, 29]
-0.0010752101818866597 0.005059183911377108 [0, 30]
-0.007931590680013124 -0.0021196415580288885 [1, 30]
-0.004278956365373279 0.004612258549438728 [2, 30]
-0.00030120775444156695 0.006217637645468377 [3, 30]
-0.003486553912622493 0.001828992570264642 [4, 30]
8.46281770168618e-05 0.02191000862200778 [5, 30]
0.00453513702072509 0.004830659673994313 [6, 30]
-0.001660401436305341 -0.005323666191871753 [7, 30]
-0.0025466661928582766 0.00393407403815568 [8, 30]
0.003459051948502963 0.013432866509442181 [9, 30]
-0.0022419776679720653 0.0039853735840841165 [10, 30]
-1.532423014033636e-05 0.003287404676129779 [11, 30]
0.0022104517067979596 0.0039959049491756354 [12, 30]
-0.0031370830677061503 -0.0003160470643887202 [13, 30]
0.006341288360271554 -0.011822808314071736 [14, 30]
-0.0005994153774748581 0.006648349226302183 [15, 30]
2.148364516510836e-05 0.0008276361409912798 [16, 30]
-0.002089365729122112 0.007216323177560828 [17, 30]
0.0007750760676078586 0.006274095071876559 [18, 30]
-0.004894976153768736 0.0004908518100739879 [19, 30]
0.007592499164177774 0.01148614389014088 [20, 30]
0.00255614454817781 -0.001744615278434934 [21, 30]
0.003031027878973343 -0.005855100132864519 [22, 30]
-0.001373999418339752 -0.0061876756298476715 [23, 30]
0.0015515711947301886 -0.0035862484905035885 [24, 30]
-0.009108855132928782 0.0001440369180647948 [25, 30]
0.003824383328471934 0.0014933831432177341 [26, 30]
-0.0028523147954185105 0.0031383450056639223 [27, 30]
0.002304128556105607 -0.008014481050394217 [28, 30]
0.002090159131087126 0.013249878690571665 [29, 30]
-0.00557598949018404 -0.011751121917757016 [30, 30]
-0.0006150709422450003 -0.005562123936468163 [31, 30]
0.0006442426244809006 0.0017795483979644133 [0, 31]
-0.0003907671108974901 -0.0005536265962789402 [1, 31]
0.001900489362467344 0.0008528581561690839 [2, 31]
-0.0018328098704122073 0.007022501330354783 [3, 31]
0.00022943436033555972 0.0034021493961964152 [4, 31]
-0.0050050653869411045 0.004168237288922489 [5, 31]
-0.004608642165060989 -0.00582437816948392 [6, 31]
0.0033098228288348103 0.0174428284358129 [7, 31]
-0.0032731459240171604 -0.0017137457964403794 [8, 31]
-0.005202789817983903 -0.012986321771334484 [9, 31]
-0.006135604891334025 0.00883085599112581 [10, 31]
0.004512721348798952 0.008075534105596196 [11, 31]
-0.0013497830570210422 0.011321645200391963 [12, 31]
-0.0004559422915227514 0.01100826655557088 [13, 31]
0.003954667006118466 -0.001953905228784718 [14, 31]
-0.0010254982833345257 0.0009614104250944473 [15, 31]
0.0032508306896726663 -0.0023872570218868 [16, 31]
0.0026008207819930244 0.0018663871899622774 [17, 31]
0.00017063427378739488 0.012214618520850226 [18, 31]
0.0027342636452511626 0.002750385812545616 [19, 31]
-0.0003558057064158711 -0.005243902160294162 [20, 31]
-0.00312664624378931 0.00894107733473457 [21, 31]
-0.0006385397363723635 -0.012926058338258392 [22, 31]
9.073450945681613e-05 0.006025671597554185 [23, 31]
-0.00040762226087413843 0.0030504833903548328 [24, 31]
0.004934187853463287 0.002032765828302999 [25, 31]
0.0026084917095440118 0.000921187019300593 [26, 31]
-0.0017670913827288687 0.00011572692662504083 [27, 31]
0.0013427572692199317 -0.0009619154876169206 [28, 31]
0.002428773824263177 0.009612639998443006 [29, 31]
-0.004027471373986776 -0.0016882688046398655 [30, 31]
-0.008049511410074263 -0.0036941937880305325 [31, 31]