#     gamma 1            gamma 2              pos
0.0009466013352655674 -0.003969716935060997 [0, 0]
0.002701401604939205 0.006538705843425002 [1, 0]
0.006174526243139014 -0.004293472475056852 [2, 0]
-0.005046629562280052 -0.007192493278392475 [3, 0]
-0.004565729379491414 -0.005757533603309653 [4, 0]
0.0053077793532053255 -0.00213510797921281 [5, 0]
-0.004500258733482601 -0.002819963759613548 [6, 0]
-0.004810230538246387 4.941206078628108e-05 [7, 0]
0.006084075737510503 0.0027704010755621985 [8, 0]
0.0027796882794199956 -0.0055113594698653935 [9, 0]
-0.004763791724875708 -0.002280754368841928 [10, 0]
0.005536488563058854 -0.002466834196655391 [11, 0]
0.0006932317264125295 -0.002269460407875717 [12, 0]
-0.0027558094102625675 -0.0065847341656245315 [13, 0]
-0.0038708111055675756 -0.0006362198540164836 [14, 0]
-0.006291541976905477 -0.0017875270821066543 [15, 0]
-0.002779542855328175 -0.0011727292456751223 [16, 0]
0.0003341683172399255 -0.0074247679631709775 [17, 0]
-0.005095436474490454 7.948557745279768e-05 [18, 0]
0.005773371054316756 0.0012196891006621617 [19, 0]
-0.006322114814071571 0.006066326431754438 [20, 0]
-0.004848231271358011 -0.00036015843389842746 [21, 0]
0.0034985719564818666 -0.003447104776729591 [22, 0]
-0.0022989366001829486 0.007447907622140713 [23, 0]
-0.003235446600770207 -0.005766482126224185 [24, 0]
-0.007186369594532016 0.0055666746690859895 [25, 0]
0.0024407472055179087 0.004661365059933391 [26, 0]
0.002495380642109936 -0.0005291800381378105 [27, 0]
-0.0015962721264888744 -0.0004763210611310257 [28, 0]
-0.0006270233980866523 -0.006047486023862523 [29, 0]
-0.003300689941299268 -0.007302988424915187 [30, 0]
-0.0034637051822572207 0.0035893852130972396 [31, 0]
-0.001725907254398884 0.0002863363829725333 [0, 1]
-0.004252212513197378 0.0002697553462938227 [1, 1]
-0.0037638954096540665 -0.002215893724324638 [2, 1]
-0.007748273981720172 0.0012185076585416877 [3, 1]
-0.0007879660793559631 -0.003909963382155653 [4, 1]
0.006712849348794371 -0.0008750725679923224 [5, 1]
0.0026776146202353184 0.012236665419566918 [6, 1]
-0.0017815849877426356 0.0007130857013835734 [7, 1]
-0.0023861033458527797 0.0008718689007487744 [8, 1]
-0.009306026642356925 -0.012189718394186956 [9, 1]
0.0025120258109007634 -0.009868118107367364 [10, 1]
-0.0013853066733952636 0.00024845416192254005 [11, 1]
-0.005388380155190292 -0.011153409946757625 [12, 1]
0.004677586728669233 -0.007382486612862469 [13, 1]
-0.008392566417655773 0.0019889943139171353 [14, 1]
-0.003992650760630282 -0.004396873556863018 [15, 1]
0.002363113752208257 0.0015546959729853928 [16, 1]
0.011141112379543357 -0.0015735905164752208 [17, 1]
-0.008006677675825805 -0.0027306722094055953 [18, 1]
-0.011743941239237696 3.33859825746877e-05 [19, 1]
0.0012062743467924776 0.005054286475824374 [20, 1]
-0.008727764117739427 -0.0031163704636809945 [21, 1]
-0.008503983772646346 0.002915389807043344 [22, 1]
0.0033635628825536682 0.006680451293896809 [23, 1]
-0.0029438740762464427 -0.009348609548667248 [24, 1]
0.0053172083136359865 0.0014865248705430536 [25, 1]
0.004175152793290694 0.00030315719839505746 [26, 1]
0.0037406117626961146 0.0036543402125332244 [27, 1]
-0.0013200615110395368 0.001095713469201458 [28, 1]
-0.008064958819816264 -0.0021445302921025205 [29, 1]
-0.005853564726407433 -0.002107331895750876 [30, 1]
-0.005893004820593322 -0.0005685712040401299 [31, 1]
0.0011776953719483635 -0.0035114410537492283 [0, 2]
-0.006296750611538707 -0.014390812216650449 [1, 2]
0.001997564887270716 8.508047146518671e-05 [2, 2]
0.0106434188369989 -0.003023900932292038 [3, 2]
0.0009673213881735422 0.004003446467349181 [4, 2]
0.0008108106444277728 -0.002504212554228199 [5, 2]
0.0008629042290427084 0.011165563238092044 [6, 2]
0.004782314869632615 -0.003500993965592186 [7, 2]
0.003873988808310565 0.006423826130012268 [8, 2]
-0.005558083023174491 0.004318831496176779 [9, 2]
0.0021513139785687366 -0.008699113269878994 [10, 2]
0.003084380570046943 -0.0018245019416810479 [11, 2]
0.002378745860428336 -0.012676527773495613 [12, 2]
0.004765585306255959 -0.005394007391179517 [13, 2]
-0.0011690498912211523 0.0026467215120509614 [14, 2]
-0.009696978197463022 -0.004797666171577424 [15, 2]
-0.0047114186046919694 0.006027213286571468 [16, 2]
-0.0035168366986759437 0.012035376228381205 [17, 2]
0.00050836889827873 0.008319330079115797 [18, 2]
-0.004400853384539393 0.008576179677876132 [19, 2]
0.00520593706281937 0.006605688013772942 [20, 2]
0.0018724027682299577 0.008793332623677277 [21, 2]
-0.000841245890276524 -0.00339908399533484 [22, 2]
-0.007825464328306563 0.003783701300941118 [23, 2]
0.00127016879060425 -0.007047009326045543 [24, 2]
-0.00658598922080558 0.005694742176681287 [25, 2]
-0.0003220331131644914 -0.0035316776144610077 [26, 2]
0.0017092434966399126 0.004855951329986442 [27, 2]
-0.00642381188290443 0.002997366921973547 [28, 2]
-0.0003039322552261411 -0.0021216783791161635 [29, 2]
0.00032198814282550153 0.0024309806917283167 [30, 2]
-0.00040887031865466644 0.005742571039647309 [31, 2]
-0.0014815746440049722 0.002337281859302697 [0, 3]
0.0033797376564475424 0.005734348404774536 [1, 3]
0.0016866138550779446 -0.002966900430801047 [2, 3]
-0.01663707734942969 0.0013617249342267068 [3, 3]
0.0007356853512383543 0.001156287902223392 [4, 3]
-0.0101772286721411 -0.005676801698914691 [5, 3]
-0.007871548900611921 0.0005535324437387266 [6, 3]
0.004642355695960846 0.007881388187628947 [7, 3]
-0.0034675404763725498 -0.016993987146793295 [8, 3]
0.003187314534503463 0.0052822650978036996 [9, 3]
-0.0022372435075941493 0.005763880663929668 [10, 3]
0.015707782271485726 -0.0115274396934678 [11, 3]
0.00757359662280213 -0.004699963671245255 [12, 3]
-0.0021660901292610032 -0.0033932043218004287 [13, 3]
-0.006477104204438427 0.007355635423918828 [14, 3]
-0.0035575225215426025 0.0035891405045758488 [15, 3]
-0.007971907453160077 0.027252238198291742 [16, 3]
0.002173012856031998 0.003339804896081034 [17, 3]
0.0002187142391030444 -0.0011727598881065236 [18, 3]
0.0014322860710226394 -0.013219593749581732 [19, 3]
-0.0057553163438522235 0.0076646061923929185 [20, 3]
0.0013594575364861063 0.005938920364662671 [21, 3]
-0.009308152720473462 -0.0033049969823610186 [22, 3]
0.002482364956508904 -0.0022344501800917738 [23, 3]
0.008767301532095583 -0.004797373613282973 [24, 3]
-0.009218734676790475 -0.0010406444353228115 [25, 3]
0.0020089409424859754 0.00774504186406132 [26, 3]
0.0013053558604070958 0.0008807475537814751 [27, 3]
-0.0014149666836570447 -0.004392891970764627 [28, 3]
0.00047906782471454987 0.0036766517075179595 [29, 3]
0.004305550460027887 0.007020373275215995 [30, 3]
-0.002624052483192327 0.00608072550605276 [31, 3]
-0.002339839425975658 -0.0025782470990734834 [0, 4]
-0.009821822550678578 -0.0002263484157176809 [1, 4]
-7.994916088794712e-05 0.004818332001288271 [2, 4]
-0.0017695226128478798 0.0066803063120914954 [3, 4]
-0.007104045159934791 0.002004938647885719 [4, 4]
-0.002034124479357286 -0.013131121491164108 [5, 4]
0.004047838681423884 0.0015300685444132418 [6, 4]
-0.0036051275974529453 0.0015421034418096583 [7, 4]
0.009031949200646686 0.025338772856220597 [8, 4]
0.0012897950921500288 0.0018594471175615984 [9, 4]
0.002352513964638526 -0.0054515972514275046 [10, 4]
-0.005816329243344066 -0.0013073873677770665 [11, 4]
-0.0072854240860806595 -0.010324559878135586 [12, 4]
-0.00626915450908464 -0.002353881279643462 [13, 4]
-0.004619095473127222 0.0047088915996339395 [14, 4]
-0.001248962262929217 0.0029517346285416355 [15, 4]
-0.013279236578817522 -0.010770339508979961 [16, 4]
0.006584046864439562 -0.0053240497238451505 [17, 4]
0.004828307112305233 -0.011127074383176262 [18, 4]
0.0050367903274496 0.004464954618412894 [19, 4]
0.003290226367070402 0.006155344093466668 [20, 4]
-0.002782775216414662 0.005261172792386502 [21, 4]
-0.0014335680995580943 -0.012135694644028772 [22, 4]
0.001479062150970594 0.014100667011724575 [23, 4]
0.0018501994244621964 0.004772702532736185 [24, 4]
-0.0048703296529024765 0.0068770846832850955 [25, 4]
-8.352433075723712e-05 -0.006787587016279982 [26, 4]
0.005984944693425256 -0.00018514886909216404 [27, 4]
-0.0063575843900848875 -0.003600014496175795 [28, 4]
-0.001273519273557112 -2.200880947625203e-05 [29, 4]
0.0015146398783445595 -0.0016423969404359068 [30, 4]
0.00023011172905915915 0.0010702709458555244 [31, 4]
0.0034175827412179518 -0.00013508097706698357 [0, 5]
-0.003977951613710429 -0.00023896549052096206 [1, 5]
-0.0037808982442018332 0.0024972154246334496 [2, 5]
-0.015375327567898209 -0.0042623101044885 [3, 5]
0.0003555594701320554 -0.0030671293244848943 [4, 5]
-0.00311735715890147 -0.005848763435435498 [5, 5]
-0.005751496647507753 -0.0023643904051532574 [6, 5]
-0.014834690494307665 0.007637563386362338 [7, 5]
0.0009417662713307774 -0.007469773641581201 [8, 5]
-0.012117205835691262 0.0043189232701291306 [9, 5]
0.0017179635619444427 -0.0039067271902137966 [10, 5]
-0.007481138024073591 -0.00253918495333444 [11, 5]
0.0007136211060430155 -0.005428386089471247 [12, 5]
-0.01088916399795596 0.00625634386156943 [13, 5]
0.001203296403466489 0.01017979054788936 [14, 5]
-0.010902918905384891 -0.0009127744430414434 [15, 5]
0.0011775142828136908 -0.0028183877109963576 [16, 5]
-0.00022543244601179113 -0.0021835335454223888 [17, 5]
-0.004545153334623768 0.006458650054065256 [18, 5]
0.00018762627469386733 -0.005214428777863392 [19, 5]
-0.011110882506608475 0.0012941353830429726 [20, 5]
0.0033913567281794615 0.01999163150322725 [21, 5]
0.004895412442421783 -0.004488221133196643 [22, 5]
-0.002890052354241823 -0.0006813492859920671 [23, 5]
-0.004377258826307438 -0.004475468591811491 [24, 5]
0.0020935678456607035 8.517941702656646e-05 [25, 5]
-0.0026549933200883595 0.0023568792495447504 [26, 5]
0.00036907292803666457 0.002263773325143094 [27, 5]
-0.0004924204538078748 0.0009545311166110773 [28, 5]
-0.006185428370854921 0.001126187016774491 [29, 5]
0.006384936663290293 0.006838216138184799 [30, 5]
0.0022044902631548793 -0.0025049002999198043 [31, 5]
-0.002736702769466922 -0.003878700692919348 [0, 6]
-0.0025801154123715384 -0.003149043663797562 [1, 6]
0.011245577790186792 0.001426076154841059 [2, 6]
0.0033534170115815582 0.004573874125540118 [3, 6]
-0.007701001842069789 0.003532933491023571 [4, 6]
0.005501124552002121 0.002288261648202052 [5, 6]
0.002411614202856909 -0.0058115858367611545 [6, 6]
-0.0002685006548714317 0.008058311618533112 [7, 6]
0.006966774086573804 0.005942545679523468 [8, 6]
-0.006575702418190394 0.00262297658051252 [9, 6]
-0.0008134631348116696 0.007245851745731604 [10, 6]
-0.012263160522958692 0.007762212167129053 [11, 6]
0.007799028125707125 -0.01164931603869002 [12, 6]
0.002113884137939611 -0.001557142145989885 [13, 6]
-0.011803407010063013 -0.008332360849408253 [14, 6]
0.0026628743030458904 0.0007774943237967034 [15, 6]
-0.018058967100790017 0.005183484842631395 [16, 6]
-0.015040511393301233 0.0011016806352934468 [17, 6]
0.0011667445900933751 -0.009090410537318653 [18, 6]
-0.006920824425009678 0.0004972821803288116 [19, 6]
-0.0030056842845680915 0.006628031612832709 [20, 6]
-0.003959953128856981 -0.004512412386366537 [21, 6]
-0.012997571924454327 -0.0043561194967877215 [22, 6]
-0.005941312604538842 0.002428813562698432 [23, 6]
-0.014001102688036891 -0.0007390554815716521 [24, 6]
0.001987725189384327 0.006325984901008476 [25, 6]
0.0014247861556161046 -0.0044711153538785605 [26, 6]
0.007041651365408211 -0.008712754962304553 [27, 6]
-0.005431308119182161 0.00011911861697024035 [28, 6]
-0.0013415001393534077 0.00575712120342441 [29, 6]
-0.009786934128766875 -0.006343110638947804 [30, 6]
0.004233215940831124 0.003721517928860767 [31, 6]
-0.004280986816759243 0.018258953555271167 [0, 7]
-0.0031084192855589127 0.0005397066278405395 [1, 7]
-0.010084315931868374 -0.005006094178880455 [2, 7]
-0.001820844148866279 0.0128144983358609 [3, 7]
-0.009622441074484215 -0.005801147509839662 [4, 7]
-0.005483198441853895 0.00016951626430659577 [5, 7]
0.018163735903472658 0.0012401584671130393 [6, 7]
-0.01471727873937071 -0.003417717388645975 [7, 7]
0.0024833705566937258 0.009678612393296133 [8, 7]
0.00611563340932411 0.0026499303491973932 [9, 7]
0.0008463741193788434 0.007805838195397105 [10, 7]
-0.005318311065254792 -0.0011981431603008256 [11, 7]
0.003116089308959202 -0.003947560412561851 [12, 7]
0.014269036995982866 0.009038567646401877 [13, 7]
-0.010203270414984585 -0.0005842327776548402 [14, 7]
-0.004050175875869524 -0.0022738371726983672 [15, 7]
0.0018169909627930097 -0.002454578884715677 [16, 7]
-0.0008528525792971745 0.0072881980804922935 [17, 7]
-0.007580282549557832 -0.008388366067781781 [18, 7]
-0.0076302031445545666 0.01178337114565089 [19, 7]
-0.0010520578674393217 0.008247635139667354 [20, 7]
-0.005032245726263355 0.0009310855677866543 [21, 7]
0.001002477110738192 -0.002506811329073497 [22, 7]
-0.005525639511975028 0.0035077091601692454 [23, 7]
-0.00228036928467355 0.013035037296248676 [24, 7]
-0.00794815892786263 -0.00792133883002651 [25, 7]
0.003341169345697062 0.0004776195823255529 [26, 7]
-0.005173582060795702 0.010560038654601308 [27, 7]
-0.000387356467288254 -0.0009197439686890669 [28, 7]
-0.007285895862309396 -0.011516779821898977 [29, 7]
-0.006866601035621726 0.0022645084959042445 [30, 7]
-0.0013973111028668206 0.004294504074757639 [31, 7]
-0.004842664009904126 -0.0005751746415975094 [0, 8]
-0.005109469613555305 0.012340174389570299 [1, 8]
-0.012380335203833703 -0.004493223454632527 [2, 8]
0.009298635420944671 -0.003434943464660384 [3, 8]
0.002514286402071699 0.0029278873987079908 [4, 8]
0.005593599295290237 0.002182572586375862 [5, 8]
0.010507420475228816 0.00394962671413251 [6, 8]
-0.010153712430863607 0.005389651150581688 [7, 8]
-0.006176706837206014 -0.005535027767923389 [8, 8]
0.0024556778482473464 0.0010677862945773085 [9, 8]
-0.0012416328283342153 -0.0061548984332044825 [10, 8]
-0.001966532349874838 0.0039192988333003696 [11, 8]
0.01982949854986156 0.00019277799044874856 [12, 8]
-0.011043403290433426 -0.010535850665225067 [13, 8]
-0.0036970299995944715 -0.002425277023678797 [14, 8]
0.011293862147273218 -0.000188015677913243 [15, 8]
0.0061793062893707555 -0.005585724489736108 [16, 8]
-0.004637386688536841 0.0010597594786082947 [17, 8]
-0.005268251589908891 -0.003560908269039513 [18, 8]
-0.012702016034715083 -0.003299136539868497 [19, 8]
-0.012120136867783135 0.020455006521654686 [20, 8]
-0.005731701556975806 -0.003250639145016003 [21, 8]
0.003974507649057099 -0.018098037160654157 [22, 8]
0.008283000786650422 -0.0019815973852517705 [23, 8]
0.0016156733633883131 -0.003139121830021669 [24, 8]
-0.0021181130795909914 0.002153518986722134 [25, 8]
-0.0033457309261460803 -0.0036465473313873845 [26, 8]
-0.0006321959257065486 0.0008974782741293507 [27, 8]
-0.013588379314957058 -0.012000408624802932 [28, 8]
-0.0033602798972377753 -0.002251749439816869 [29, 8]
0.00134146482924845 -0.004950221619896317 [30, 8]
0.0013978504675288142 -0.002993807024228733 [31, 8]
0.0012937671569714056 0.0113056053919142 [0, 9]
-0.005882399667889433 -0.006383910504109102 [1, 9]
0.0028213556904749626 0.006937073348109115 [2, 9]
0.004372035976944521 -0.018231249864105774 [3, 9]
-0.0054375310822146975 0.007512516878593725 [4, 9]
-0.012409627428773128 0.0217393351280484 [5, 9]
-0.0047048763279202285 -0.005313201746227877 [6, 9]
-0.00683279207739944 0.002560104746665794 [7, 9]
-0.0033230181962765693 -8.099885334958735e-05 [8, 9]
0.001794471061346378 -0.008509618006614813 [9, 9]
-0.010063778380858342 -0.0077641658981108955 [10, 9]
0.020296035279584276 -0.007214692546910786 [11, 9]
0.001082187895957951 0.007263945289739587 [12, 9]
-0.015485400746870161 -0.008994031291226784 [13, 9]
0.0019525592878640624 -0.0011556057606117922 [14, 9]
-0.001737847250454867 0.002781583771585837 [15, 9]
-0.0023431863771986015 -0.006312671093498909 [16, 9]
0.010499086849040827 0.0035356252450935892 [17, 9]
-0.013200052213228284 0.003262249679327155 [18, 9]
0.012697578887393556 0.015303485789697582 [19, 9]
-0.007232515396896638 -0.0015094564299022691 [20, 9]
0.0031378922734803098 -0.0028984332780973595 [21, 9]
0.0015907116826577763 -0.014214168588075676 [22, 9]
-0.004838146948096157 0.00020771964487279344 [23, 9]
-0.003611886765357546 0.01100315844359706 [24, 9]
-0.016663656198426312 0.00041976840864222184 [25, 9]
0.003888955682591538 -0.009579615347721641 [26, 9]
0.00020569439060066623 0.012770122979168208 [27, 9]
-0.006853264435906118 -7.48904119184525e-05 [28, 9]
0.0032715639208706297 0.001491044667140145 [29, 9]
-0.002758421165717167 0.00221708017578228 [30, 9]
0.005389309544178217 -0.0052116540541238664 [31, 9]
-0.006379816480474578 0.0014645143265808883 [0, 10]
0.0012201326157411446 0.0010352470592727351 [1, 10]
-0.00678316322678122 0.007460864739847289 [2, 10]
0.007479032851532613 -0.007624823430433699 [3, 10]
0.0042505915196292725 -0.01981266814789559 [4, 10]
-0.0005523952900351309 -0.012305295345638989 [5, 10]
0.002016821192943856 -0.000341267781437146 [6, 10]
-0.009457483421183428 -0.011716869489194594 [7, 10]
0.02919712080064742 7.26894536809228e-05 [8, 10]
0.003238545312903496 0.0019550573627044173 [9, 10]
-0.017984309815786834 0.015211785440993093 [10, 10]
-0.030210256982524684 -0.0007591933760589038 [11, 10]
-0.017105336945605763 -0.01201674587011843 [12, 10]
-0.0012995518435909045 0.009387128940946647 [13, 10]
0.008438022095060784 0.004200181292743165 [14, 10]
0.0014215273050773708 -0.004999356739468576 [15, 10]
-0.006439459722331123 -0.0009781589476984681 [16, 10]
0.0037305696329141417 0.0052357571604276145 [17, 10]
-0.00908970928413365 0.008776410995372344 [18, 10]
-0.0001475459595458131 -0.005852254453205994 [19, 10]
-0.007930723534671821 0.016142301357826606 [20, 10]
-0.0011343408808213733 -5.197691934227552e-05 [21, 10]
-0.008267939916723092 -0.002235964949048333 [22, 10]
0.007892708546089852 0.019427265207799544 [23, 10]
0.007879720942778973 -0.007759047432828649 [24, 10]
-0.02445499182685655 -0.012753731294922247 [25, 10]
-0.0005770117201674089 0.0008009893131298187 [26, 10]
-0.002066280447200588 0.0031523033061428484 [27, 10]
-0.007260990097632732 0.005357944201478981 [28, 10]
-0.009800427488328241 0.005653258683076439 [29, 10]
-0.004759609273087122 0.009850935946622896 [30, 10]
0.005938170594288721 0.002716832221956795 [31, 10]
0.009962488794679373 0.0022426080938968774 [0, 11]
0.008513054657541916 -0.0014608857320598822 [1, 11]
-0.02354248274052318 -0.008831272171567057 [2, 11]
-0.02217355705424279 -0.0033549617860062606 [3, 11]
0.009571828833999253 0.00018070009838011078 [4, 11]
0.004055659894098709 0.005585038705266482 [5, 11]
0.003206075797372032 0.0018567001669370252 [6, 11]
0.008287608161987975 0.007956522759051031 [7, 11]
0.0026795996290377667 0.010478338410106825 [8, 11]
-0.021590847902692698 -0.0012029283216581377 [9, 11]
-0.019190867845661094 0.002371094997160406 [10, 11]
0.00190409078848712 -0.003559485994730367 [11, 11]
0.004527671527057244 0.010226018115053543 [12, 11]
-0.000908148191651537 3.5267294943059793e-06 [13, 11]
0.00786330123975938 -0.01851863275431803 [14, 11]
-0.0011798049571090507 -0.00288235201810177 [15, 11]
-0.0038304577488750624 0.013312747201428221 [16, 11]
-0.02107056183524947 0.015167600368479405 [17, 11]
-0.005501488129425275 0.001352442232284454 [18, 11]
-0.01080610866951064 0.0027799954281383195 [19, 11]
0.003316759464230922 0.008162463428065397 [20, 11]
-0.003542155963812638 -0.0006713670071052507 [21, 11]
-0.0027256172314481073 0.0016493777186447473 [22, 11]
-0.005119791057756149 -0.001443669542484493 [23, 11]
-0.0004152320091544722 0.014302344870347674 [24, 11]
0.007204112741963182 -0.0010346598734188273 [25, 11]
-0.005509310437275127 -0.005866146035219373 [26, 11]
-0.003446939285293136 0.007462803559991836 [27, 11]
-0.007633491092695584 -0.006148654952724993 [28, 11]
0.0052327964330814245 0.0014580013428763666 [29, 11]
0.0004426029702561697 0.0006959766539137351 [30, 11]
-0.0011017941591458893 0.00537951766929431 [31, 11]
0.003823531554176265 -0.004354874975233908 [0, 12]
0.004302976146144414 -0.013545608068288053 [1, 12]
-0.0017737668587161318 -0.000853305601647597 [2, 12]
0.012093948230064133 0.007310969730218019 [3, 12]
-0.0005273536746899621 -0.007721689457130989 [4, 12]
-0.0016261902147903483 -0.011651577051053586 [5, 12]
-0.012688529010494517 0.0046870357544871386 [6, 12]
0.013094238089257915 -0.00952561577130529 [7, 12]
-0.010908037579047763 0.006532981210461711 [8, 12]
0.00958291794786893 0.006915073757988518 [9, 12]
0.0014898659865110735 0.0022401650465316537 [10, 12]
0.0031102881483726936 0.021983236575227307 [11, 12]
0.0021365473238096127 0.005867932771783877 [12, 12]
-0.003741774176494557 0.001670430284315407 [13, 12]
-0.015251095680509969 -0.01583200768965483 [14, 12]
-0.003341785230040311 0.026490971603700612 [15, 12]
0.009048051122681422 -0.005290994431508133 [16, 12]
-0.0039145805333435256 0.0014702112622112977 [17, 12]
0.0007000550911924955 0.0059177764291592355 [18, 12]
-0.0023552559758028314 0.008365334474800082 [19, 12]
-0.004170088408973013 -0.007297170897233622 [20, 12]
-0.001771849646530681 -0.009221929491260565 [21, 12]
0.002763201331899963 0.00453215696400844 [22, 12]
0.0005996963206119808 0.007580705236197081 [23, 12]
-0.011874306513128128 0.003541920978227186 [24, 12]
-0.006953128694084034 0.0007714611186845242 [25, 12]
-0.006522921816209095 0.0017932581564950108 [26, 12]
0.005772191254733852 0.007789154037440653 [27, 12]
-0.006287272755962145 0.0035709263187586843 [28, 12]
0.0059031067628753835 0.010929029762481585 [29, 12]
-0.0033999459684497793 0.011573385357154362 [30, 12]
-0.0062834831653947 0.0021543940778377723 [31, 12]
-0.00989743649979879 -0.013971892199066914 [0, 13]
0.0031836200103914692 -0.005098067933190712 [1, 13]
-0.00792531276382572 -0.004546915152680559 [2, 13]
-0.02328096746658587 0.00345802080447156 [3, 13]
0.0017112130493061276 -0.006407500118085159 [4, 13]
0.014025110922749297 0.014427022767432083 [5, 13]
0.0015553049699626239 0.0045675037875132175 [6, 13]
0.03128852048054112 0.0012546054337067704 [7, 13]
0.004371137453682854 0.0017564512806248621 [8, 13]
-0.0034887533135425377 0.017305347883049205 [9, 13]
-0.005714385497991697 -0.014066681931867771 [10, 13]
-0.019227290936733154 0.005688684035653058 [11, 13]
0.022745473242185194 -0.0012114007991127318 [12, 13]
0.0061210772522311855 0.008175608733740384 [13, 13]
0.006826869356804264 0.00356589207373446 [14, 13]
-0.0009153538556924715 -0.002287254866293539 [15, 13]
0.00825429915000519 0.0083108618128103 [16, 13]
-0.002299528129699175 0.021223715767036064 [17, 13]
-0.014384290335500018 0.007625097050078226 [18, 13]
-0.0051461178447945 0.00036212946867908327 [19, 13]
0.0008742902463417637 0.014366909658034785 [20, 13]
-0.005578705349528937 -0.005691194531842961 [21, 13]
0.008369549302759096 0.012478898073832526 [22, 13]
-0.008763651277067092 -0.003695731583077048 [23, 13]
-0.005953786938994921 0.0024278369766469344 [24, 13]
0.016152269324430396 -0.0043054239158599236 [25, 13]
0.0040602676337767925 -0.006621914335948176 [26, 13]
-0.008107835902500277 -0.0020459469001720713 [27, 13]
-0.0063443353543656085 0.004646454130339391 [28, 13]
-0.009229118193743075 -0.00699199599501826 [29, 13]
-0.0026255147630004855 0.0028565831132495324 [30, 13]
0.012363064895233354 0.011638138116939555 [31, 13]
0.0009468207377554707 -0.0038629955308048924 [0, 14]
-0.01012244279456639 0.0023758532532447275 [1, 14]
0.001697839958216578 -0.0158763726563988 [2, 14]
0.00754256186457216 0.003959423719044259 [3, 14]
0.010839119434337963 -0.007046819766582977 [4, 14]
-0.002068714238255883 -0.007277283115564928 [5, 14]
-0.003338004103214626 0.006452956124579512 [6, 14]
-0.011000231264538774 0.0022933316439093633 [7, 14]
0.0015237214393983357 -0.0038395772331282748 [8, 14]
0.002574598665370917 0.003240452932583329 [9, 14]
-0.016313786938727263 -0.005161297735148529 [10, 14]
0.005087476543017808 -0.010034301507714843 [11, 14]
-0.002141816059879742 -0.008348892234726625 [12, 14]
0.0011330525538554798 0.003065091444861213 [13, 14]
-0.02695435806735503 -0.006182331360792293 [14, 14]
0.0006861326103576421 0.010761123068807128 [15, 14]
0.004405330528837352 -0.0012367011942153055 [16, 14]
-0.008334862844517715 0.013618207198729665 [17, 14]
-0.002011203488514125 0.006787853897354635 [18, 14]
0.003879916013092095 -0.006175110516426641 [19, 14]
-0.010723727619693205 0.008258876728643342 [20, 14]
-0.007180499082182025 0.000871667013173243 [21, 14]
-0.009368085879164118 -0.004270391493671505 [22, 14]
-0.00060558664892212 -0.0053053396138125685 [23, 14]
-0.010044755232101084 -0.009715962563530755 [24, 14]
-0.0004908955403411561 -0.0025060126476851344 [25, 14]
-0.014611006980701694 0.0022726682791700753 [26, 14]
0.002164769417100528 -0.00022943873449002703 [27, 14]
-0.0023786450698217287 -0.00325112525067005 [28, 14]
0.004604178564543397 0.00507741715147005 [29, 14]
0.00010552490960757198 -0.008616440866930997 [30, 14]
0.00045581642002863183 0.0019322009071769733 [31, 14]
-0.0047833751917568884 -0.002685041772932672 [0, 15]
-0.0053107586682698575 0.005051097982181135 [1, 15]
0.0035078746975733682 -0.008298807312674673 [2, 15]
0.016540999727561408 0.002480664510197529 [3, 15]
-0.018666924789369484 -0.014550730030767192 [4, 15]
-0.0164274037926299 -0.006974347666674596 [5, 15]
-0.009093353069397101 0.0009793309524477195 [6, 15]
0.010707660361654256 -0.00028033197637974825 [7, 15]
0.002571670526642297 0.004173541665581772 [8, 15]
0.009195035415789955 0.004604089674132194 [9, 15]
0.002206159708429679 -0.004865365933457955 [10, 15]
0.0006627580352997825 0.0010192142429882771 [11, 15]
-0.002696840969240969 -0.010068271171206272 [12, 15]
0.008497041108268757 -0.0053270405341577474 [13, 15]
0.004223281071667437 -0.02261110457539467 [14, 15]
0.021893467160041775 -0.014983372910877157 [15, 15]
0.004695024351873914 0.005696151838684601 [16, 15]
-0.018487985871770137 0.0038966259330881488 [17, 15]
-0.01328893773231457 0.006439018401306896 [18, 15]
0.003940967851238829 0.006592298865468351 [19, 15]
-0.004131966016522644 -0.005749245167425816 [20, 15]
-0.006350317850304248 0.0029644585133720017 [21, 15]
0.009796119326140558 -0.008913205744117593 [22, 15]
-0.00568591251491779 -0.000604049057437873 [23, 15]
-0.009940913215681375 -0.002912064091895438 [24, 15]
-0.0014814469466975 0.001768112843803421 [25, 15]
0.006146683053680302 0.01672199762595695 [26, 15]
0.0009945159243672148 0.0196658281033653 [27, 15]
0.002142380153336045 0.007831110236757659 [28, 15]
0.000565266666077755 0.0019560889620096537 [29, 15]
-0.002369511132670557 -0.000807714337060947 [30, 15]
-0.001048640673667328 0.01128913400408893 [31, 15]
-0.0014585114499000118 9.515909564501421e-05 [0, 16]
-0.008691456339321113 -0.0038546509699860544 [1, 16]
-0.0015086890649261243 0.0010913234430868447 [2, 16]
0.0025350986538876805 -0.013201327002472162 [3, 16]
-0.004281650617921306 0.01736129298956037 [4, 16]
-0.003349610621959174 -0.006526722878819996 [5, 16]
-0.01954202110338203 0.0030548517536630525 [6, 16]
-0.019546585812465857 0.004927065667936811 [7, 16]
0.0029049452297979844 -0.00468899239304079 [8, 16]
0.015536762825340155 0.010421670700169793 [9, 16]
-0.004794886246835962 -0.017652668788417515 [10, 16]
0.017187989284840898 -0.003304293336066393 [11, 16]
-0.004901180464136824 -0.015317561733760409 [12, 16]
-0.014605986596008457 -0.00017825310039603802 [13, 16]
0.002011936802921954 0.01983927526774915 [14, 16]
-0.00010035214934434245 0.004952652803993472 [15, 16]
-0.013192662128245073 -0.009189652439049324 [16, 16]
0.006330349489466909 -0.01789560832934081 [17, 16]
-0.014139077012510133 0.006570210298295625 [18, 16]
-0.008575351262932648 0.005047660170928971 [19, 16]
0.01980424010717437 0.004913122007446023 [20, 16]
0.009828446009825907 0.005064708095014365 [21, 16]
0.007635536068933688 -0.0011028127409254582 [22, 16]
0.004951370685462527 -0.001638069616398493 [23, 16]
0.0009933730823681994 0.003343955084637013 [24, 16]
0.004634261478761578 -0.0005603485407580698 [25, 16]
-0.009403416394397977 -0.0018837336599039772 [26, 16]
-0.004783658425627065 0.008267348200911493 [27, 16]
0.002072767182802013 -0.0080312243540464 [28, 16]
0.001961471223680758 0.013424868812608345 [29, 16]
0.001168262960262998 0.009683809748216901 [30, 16]
0.005667287656218013 0.011816644905584189 [31, 16]
-0.017419751420484495 -0.010043008160618224 [0, 17]
-0.00875935420187089 -0.00018225788893772027 [1, 17]
0.006950640593001419 0.0004962611875809238 [2, 17]
0.0051635831548179955 -0.012114499541630588 [3, 17]
3.854016757040403e-05 0.006340357396243703 [4, 17]
0.007120520884633466 -0.002929396500202209 [5, 17]
0.005766835194130755 -0.0008871702478765099 [6, 17]
-0.003009169832052583 -0.011224216858246292 [7, 17]
0.004631744224870818 0.003947368784550619 [8, 17]
-0.0020202218790282968 -0.010253872453416368 [9, 17]
0.005265999545751818 0.004364486858689857 [10, 17]
-0.023755720155904977 0.020717448276973412 [11, 17]
-0.0025296676884660526 -0.001297074937649622 [12, 17]
-0.0022633206034095256 0.003172116625068911 [13, 17]
0.0015123120634317458 -0.0017875544177554468 [14, 17]
0.007622908230070362 0.011223671401124211 [15, 17]
0.011489276762612115 0.0076028172941308625 [16, 17]
-0.017577105878208432 -0.013084695117276961 [17, 17]
-0.01136830075724378 -0.015503794849579597 [18, 17]
-0.0007483080575857866 0.008280549003084848 [19, 17]
0.010306114198398166 -9.45626876878256e-05 [20, 17]
-0.006017484989908565 0.012526033367272987 [21, 17]
0.0024188054095243797 0.007181276836071186 [22, 17]
-0.007428550856843382 0.001325271306045003 [23, 17]
0.008707003735514177 -0.0039468507578692925 [24, 17]
-0.01054401184454197 0.007503276718097033 [25, 17]
0.009219446336594958 0.0006508837351192238 [26, 17]
0.0019062440493760981 -0.0063730628804547175 [27, 17]
0.011864259471009154 -0.0071335262721688095 [28, 17]
-0.0006743902198109326 -0.005009478228182902 [29, 17]
0.0015237753873273132 0.0023407116231269126 [30, 17]
-0.004856660330132943 -0.003681060605242833 [31, 17]
0.008216772813303696 -0.0053314301695161674 [0, 18]
-0.003981256159437204 -0.0055251582453823425 [1, 18]
-0.01738301844218539 -0.003224346182832306 [2, 18]
0.00456105850382725 0.0018347473077315237 [3, 18]
0.006939468844260111 -0.007314941699318514 [4, 18]
-0.004989143761091131 -0.008783899236998422 [5, 18]
-0.010745989732909893 0.0002004250887383643 [6, 18]
-0.006416224025824014 0.024038059363837756 [7, 18]
-0.003305738028325389 0.007473253424266066 [8, 18]
-0.004763379120530118 -0.01880907900004298 [9, 18]
-0.010595753225773706 -0.002014944600320605 [10, 18]
-0.00016544841235253532 0.013913326460801387 [11, 18]
-0.0019037066637268489 -0.0034225729785343686 [12, 18]
0.00769239283395427 -0.004136878804454812 [13, 18]
-0.002911373182613045 -0.01395403214457394 [14, 18]
0.03074096965768702 0.012274771559477338 [15, 18]
-0.010220980093573561 -0.004402524408935738 [16, 18]
-0.017621395888211485 -0.019319595558133482 [17, 18]
0.01596344465628997 0.0018003255257454177 [18, 18]
-0.004426962001464078 -0.0012369546855875364 [19, 18]
-0.009158620348743351 0.0051387577104570524 [20, 18]
-0.006807814503680238 0.001644154277025479 [21, 18]
0.006133895580269652 -0.006654210037027196 [22, 18]
0.011277961714728703 0.003550257293061258 [23, 18]
0.006684051301316081 0.005534065757835716 [24, 18]
-0.005088543806351463 0.009368868196852261 [25, 18]
0.001592700520443846 -0.013622547358936624 [26, 18]
-0.0027254979836459506 0.01259706571919773 [27, 18]
-0.009789432130670447 0.00711435793072895 [28, 18]
0.0004145228972563867 -0.0041861818097083305 [29, 18]
-0.01346655695837711 0.002207167186437118 [30, 18]
-0.006268237306696794 0.0026794093340375765 [31, 18]
-0.0006993701368132401 -0.001949937314226464 [0, 19]
0.0011931703286135577 0.0036064846741407993 [1, 19]
-0.012536779182307408 0.0005737563750919433 [2, 19]
-0.0015279343057342386 -0.009717710240750316 [3, 19]
-0.0035291751146157117 0.0075573609451670375 [4, 19]
-0.0046992397725905055 -0.01178733407269034 [5, 19]
-0.013588215599508291 -0.012970539222479727 [6, 19]
0.00010185335503452027 -0.009625797103574675 [7, 19]
-0.0030777374118686725 0.017129143576096847 [8, 19]
-0.0003073594372768695 -0.010336302608027072 [9, 19]
0.022059259471717704 0.014323734509344611 [10, 19]
-0.021162279370453032 0.010403963674187482 [11, 19]
0.0009094200288260184 0.00810575295572649 [12, 19]
0.0006664790389718549 -0.00992951439641065 [13, 19]
-0.014808700806724081 0.004773265650670982 [14, 19]
0.013051417797188098 0.0011091904709795415 [15, 19]
-0.011313850525720546 0.01769630077515632 [16, 19]
-0.0031538626708335605 -0.007318155854301934 [17, 19]
-0.004146931577394103 -0.025038633021837387 [18, 19]
-0.010072260939009595 -0.0008239843436442499 [19, 19]
-0.007972788141755775 -0.0031112519760427538 [20, 19]
0.0005716485660228484 -0.0011498562417241271 [21, 19]
0.0029791659001072654 -0.009390101091914842 [22, 19]
-0.009920444256040866 0.011028251013999424 [23, 19]
0.0015596253260076974 -0.001503624257136151 [24, 19]
-0.005966228293457322 0.005269939990058715 [25, 19]
-0.0064831806451810725 0.0019037658620421158 [26, 19]
-0.000242512433680174 -0.001454043141095464 [27, 19]
-0.0029276116607444276 0.003505203993330189 [28, 19]
0.008043887279040285 -0.0012516602450650712 [29, 19]
-0.0043778036896694374 -0.006836143899588715 [30, 19]
0.009487092612184053 -0.004127023957519993 [31, 19]
0.005255825805783503 -0.011928190184619403 [0, 20]
-0.010585916531373777 -0.00983660540926523 [1, 20]
0.011536193043919393 -0.01212328922645422 [2, 20]
-0.007101594993046626 -0.005076516004835629 [3, 20]
-0.001074755567224074 0.0035570491383796247 [4, 20]
0.011717085194795166 -0.0010105378067235343 [5, 20]
-0.00026598744162590883 -0.004981273010976657 [6, 20]
-0.008079381438053347 0.001438788062207601 [7, 20]
-0.01849789048400566 -0.020362170163272655 [8, 20]
0.006660409209752898 -0.003524934338382321 [9, 20]
-0.018439068584131933 -0.005185198592460337 [10, 20]
0.005538468642305403 0.001329570115123922 [11, 20]
-0.012744671731099591 0.0032483265992948648 [12, 20]
-0.010153534132426397 -0.007272023233501754 [13, 20]
-0.0010803940583810952 -0.0009532257812908386 [14, 20]
0.010670970176277845 0.002290744044260666 [15, 20]
0.007880887067301843 0.003947781661051607 [16, 20]
-0.0014645298874196618 1.888487192103424e-05 [17, 20]
-0.002500701901743607 0.011857162262493323 [18, 20]
-0.0036958744034253925 0.018606935648024642 [19, 20]
-0.015126703357141556 -0.024064297013421197 [20, 20]
0.006398680543276181 -0.023419966858870635 [21, 20]
-0.004318092302891697 -0.01140608477210892 [22, 20]
0.0002469056097976729 -0.0075694589959967125 [23, 20]
-0.011558164804588576 -0.0029460060665501167 [24, 20]
-0.0015174512873351376 -0.005413302794432425 [25, 20]
-0.0013792570857210703 0.0036182501393559 [26, 20]
0.00022337636684552337 -0.003963029117008438 [27, 20]
0.001371840848742355 -4.885468667243086e-05 [28, 20]
-0.015644879448924096 0.002061204925887694 [29, 20]
-0.003840856598768174 -0.0022430721719021523 [30, 20]
0.002813881806631327 0.003970195765566518 [31, 20]
-0.0010230402406983072 -0.00969748017225236 [0, 21]
-0.007905585754375059 -0.0019582721429145995 [1, 21]
-0.010075440840222001 -0.01276737820614141 [2, 21]
-0.0006818824048920333 -0.008362334853208104 [3, 21]
-0.002379902092950931 -0.014751621241322283 [4, 21]
-0.001751010024508115 -0.0006723945636045756 [5, 21]
0.0004574378624419583 -0.0011441385909299107 [6, 21]
-0.00399676891360983 0.006285473256881033 [7, 21]
-0.007021868988403897 0.0018353342947144428 [8, 21]
-0.016011472049229144 -0.019435698297968484 [9, 21]
0.011641898617463953 0.004788009682737999 [10, 21]
0.015016446180929406 -0.014499441302627116 [11, 21]
0.0009128227467497495 -3.326224884464402e-05 [12, 21]
-0.005601019546381271 -0.0007554902287472622 [13, 21]
0.0032424337353033263 -0.0005235150206330964 [14, 21]
0.0014702381853509288 -0.01003888692193921 [15, 21]
0.01210226093203252 0.015304133085140465 [16, 21]
0.0129830355424269 -0.009623487416075183 [17, 21]
0.0014341543533534773 0.012146117550408307 [18, 21]
0.0009663901736074713 0.0002907671877845839 [19, 21]
0.008398316289659128 -0.01803430208555238 [20, 21]
-0.0095289403058996 -0.0031012193999142832 [21, 21]
-0.009964714659801715 0.022456431929817805 [22, 21]
-0.009057876075400335 0.0023609978878119608 [23, 21]
-0.010590123124735297 0.0038446172255231096 [24, 21]
0.0037335837293861317 -0.003610604690682025 [25, 21]
0.015581036426239144 0.0031064327897943065 [26, 21]
-0.005177563673291415 0.00725674159821311 [27, 21]
-0.0036886591067161398 0.00738401216882464 [28, 21]
0.0026730557376914523 0.001510244051049827 [29, 21]
0.0042056396014945666 -0.0072560322469640585 [30, 21]
0.0010633230475447985 0.00536333045371744 [31, 21]
-0.0033026566741757705 -0.0030466364021919158 [0, 22]
-0.0036866007883199865 0.0002865311071411374 [1, 22]
-0.010042026700356572 0.003052722728775809 [2, 22]
0.0016927570180196735 0.0009118751131789101 [3, 22]
-0.018844027114170322 -0.0014162301826032787 [4, 22]
0.008252588143423716 -0.011470065510360818 [5, 22]
-0.013072729871241206 -0.004271697121403113 [6, 22]
-0.004540453856925832 -0.005495650686725111 [7, 22]
0.00775073827023323 -0.017095322459315786 [8, 22]
-0.011559320980200212 -0.004948422793998076 [9, 22]
-0.00307330393205865 0.0018767102004257816 [10, 22]
0.0067478058893749495 0.002907379259950863 [11, 22]
0.013879177969231351 0.008790263998681642 [12, 22]
0.003983026753407777 -0.004933110782960076 [13, 22]
0.0020955525681703746 -0.0034909484448876643 [14, 22]
-0.013060855380186736 -0.0013042915652817916 [15, 22]
0.013201394232894677 -0.006420566416677537 [16, 22]
-0.0050816627160119665 0.002228576853515054 [17, 22]
-0.00041346301878798753 -0.020620153907317598 [18, 22]
0.0025213559123433236 -0.008598391365240288 [19, 22]
-0.014600174668992175 0.001660040033658906 [20, 22]
0.009736925158878529 0.008787040228575675 [21, 22]
-0.002480610885965929 0.005732624049662651 [22, 22]
-0.007651949062521221 -0.007187572747347603 [23, 22]
0.004099082663929363 0.009832455593223443 [24, 22]
-0.00441231688958078 -0.001394729672329515 [25, 22]
-0.00811024360160593 -0.006801014430068036 [26, 22]
0.009921307880351468 -0.004347562679094257 [27, 22]
0.005522264266921509 0.0021200061689372715 [28, 22]
0.004584823627147822 -0.006133411232419327 [29, 22]
0.0017242422219303757 -7.4624995768681e-05 [30, 22]
0.0033919422973902255 0.017368098867238314 [31, 22]
-0.012178878563058335 -0.00013779018992983422 [0, 23]
-0.0005269149566861683 -0.011508915316555908 [1, 23]
-0.012907417356960693 -0.00033020639108911177 [2, 23]
-0.0002764627144587242 -0.003629269452337299 [3, 23]
0.0056577198820676996 0.0005927546525515239 [4, 23]
0.0001617436670748935 -0.009425254173544262 [5, 23]
-0.0020464857540823905 0.0024354502383191886 [6, 23]
-0.0065449829830041975 -0.005813498222145289 [7, 23]
-0.008685836773390954 0.0011979930363851257 [8, 23]
-0.00220184187993353 0.0040711369544346315 [9, 23]
0.0002498636306384245 -0.019187430957196893 [10, 23]
0.02351060144897305 0.0025004130585619248 [11, 23]
0.00887099848815774 0.0021978362614416985 [12, 23]
0.013480202249273475 -0.013146359562557407 [13, 23]
-0.011593500908784672 0.006308764138483611 [14, 23]
-0.012121026773084822 -0.007339509584306092 [15, 23]
-0.0028109830109949055 0.0041931633341838435 [16, 23]
0.0059526275326195555 0.0034786279013318774 [17, 23]
-0.006393452318252422 0.006882963002036689 [18, 23]
0.0033080747625730106 0.0011390112259260711 [19, 23]
-0.00019135531284273798 0.0008678849325393643 [20, 23]
-0.00816614057639135 0.009026508431387114 [21, 23]
-0.0064767357165504075 -0.004656081294313898 [22, 23]
0.00761603706244008 -0.011580982746125543 [23, 23]
-0.006373076204950519 -0.0027506163459403055 [24, 23]
-0.005680934606751808 -0.001035066043355756 [25, 23]
0.0025887391240804357 0.006407976335932925 [26, 23]
-0.008303449921579865 0.005340623992301048 [27, 23]
0.0059436341172001755 0.009079835593335991 [28, 23]
-0.0007715358058795527 -0.00225737466112655 [29, 23]
0.005723408597665238 0.004643171560768493 [30, 23]
-0.0034863197783333174 -0.005730597610550942 [31, 23]
0.005959159756880978 -0.0017063392141831153 [0, 24]
0.0008853378845121533 -0.003764477820300107 [1, 24]
0.004768681409943968 0.003098765333281334 [2, 24]
0.006267236972522554 -0.0005821109869500046 [3, 24]
0.004095344898424961 0.017242537177193994 [4, 24]
-0.013535331395983364 0.010141786610510881 [5, 24]
0.015845138765663656 -0.007574328366202833 [6, 24]
0.006083330751207457 -0.009242605836162808 [7, 24]
0.0014794382358937087 6.586284858183299e-05 [8, 24]
-0.0058087827313407624 -0.0025195807091538585 [9, 24]
-0.0005293398097162922 -0.005771905172342742 [10, 24]
-0.0049635878875170045 -0.0129429034099058 [11, 24]
-0.0009528527527251766 -0.02679678480424513 [12, 24]
0.0020554126195188724 0.0017062273239395293 [13, 24]
-0.002268449025780932 -0.004640691122278656 [14, 24]
0.0004271185576327409 0.015828321047163925 [15, 24]
-0.002214183458821125 0.00218616459862198 [16, 24]
-0.006429380825648229 -0.0017242472251648828 [17, 24]
0.002999152399636089 0.006199057237711528 [18, 24]
0.0035122440983493867 -0.0006693466847821451 [19, 24]
-0.008954692220331312 0.0029350959105424066 [20, 24]
-0.006326900190620116 0.008380473778693436 [21, 24]
-0.005156075837660125 0.0007408376559074497 [22, 24]
-2.1500358248363965e-05 0.007431276298632564 [23, 24]
0.0019077443894257925 0.027466880324152523 [24, 24]
-0.009999049864065211 -0.009138578146418308 [25, 24]
0.004949483713601308 -0.0054816792148409425 [26, 24]
-0.003852668334160877 0.004836156069743854 [27, 24]
-0.007009347221983063 0.0016369317810727827 [28, 24]
-0.003877171646709398 -0.0005405062246223807 [29, 24]
-0.0054918537419928765 0.006435511351169745 [30, 24]
-0.002573686099743029 -0.0015956817233979206 [31, 24]
-0.009230998005757203 -0.003807549097204452 [0, 25]
-0.0006732832902928724 -0.0021607187679749894 [1, 25]
0.006743699036106732 -0.0016471027637248174 [2, 25]
0.00202022200259189 -0.003410025057654012 [3, 25]
0.0016245407319247435 -0.00048470492871216796 [4, 25]
-0.0023561720290405496 0.008182115329211839 [5, 25]
-0.009590229158120073 -0.002663702319072426 [6, 25]
0.003693135837673384 -0.015041324320860463 [7, 25]
-0.0030438810833022093 -0.0029483114944554496 [8, 25]
0.002951699456213731 -0.0018408043548539326 [9, 25]
-0.005474429153653131 -0.003160126402923335 [10, 25]
0.009948133407198499 -0.009052062748449188 [11, 25]
-0.011197998943358281 0.008386059994450723 [12, 25]
-0.0002840526204591317 0.0040923891311493805 [13, 25]
-0.002174161991518952 0.0018009120681041382 [14, 25]
0.001734194271652036 -0.007206966996977059 [15, 25]
0.001967664513105264 0.0009258917977958531 [16, 25]
0.010546843370864752 0.0023973468000958067 [17, 25]
-0.008823207467983053 -0.0024470969228784687 [18, 25]
0.0027182802491933127 0.002512508748125807 [19, 25]
0.01753367311523939 -0.023126594865379085 [20, 25]
-0.007714803741418318 0.004171937618518442 [21, 25]
-0.002215745843187297 0.009014443180058855 [22, 25]
-0.008576794435338864 0.005261039159764223 [23, 25]
-0.004136738083920148 0.012621339980325334 [24, 25]
0.003979843019793693 0.008237268406660508 [25, 25]
-0.005581151189558876 0.0020603942515667424 [26, 25]
-0.006320445236437352 -0.002089917066064058 [27, 25]
-0.011500909408307832 0.004122479236694206 [28, 25]
0.0038595356900913004 0.015213469110670088 [29, 25]
0.0015144635352327387 0.0012927392138460073 [30, 25]
-0.0028896952877910643 0.004234019083307068 [31, 25]
0.006144153966399999 -0.005337006657716856 [0, 26]
-0.0036581596486864646 0.0028143306409704606 [1, 26]
-0.0011274013252165706 -0.0007746631675203986 [2, 26]
-0.006324364804877869 0.004845038925287104 [3, 26]
0.015557383972736436 -0.009283597546764456 [4, 26]
0.0029518666807968794 0.0002093181162867258 [5, 26]
0.0025063752282700846 -0.00728536875395639 [6, 26]
0.014050813355249566 -0.00506291224626162 [7, 26]
-0.010758959085123903 -0.023077717590871318 [8, 26]
-0.0019294715722830988 0.013862415943756444 [9, 26]
-0.004455500449556675 0.0027243678266357053 [10, 26]
0.006746328608356871 0.0035738253714793647 [11, 26]
-0.004638328939402663 0.012594732095161239 [12, 26]
-0.012703193722398642 -0.0021635177555174175 [13, 26]
-0.01523468268785674 0.012232130548093034 [14, 26]
-0.0028062215974540457 -0.00403652970988453 [15, 26]
-0.007398222694413876 -0.008482547482140392 [16, 26]
-0.006864596255843101 -0.015500061485215249 [17, 26]
0.0022218508768006347 0.0019504978861977981 [18, 26]
0.0046993280017597625 -0.001031596937394603 [19, 26]
-0.003221752258718284 0.003625562597541189 [20, 26]
-0.006531301400679488 0.007075581702821983 [21, 26]
0.006221273926724288 0.004417336976354756 [22, 26]
-0.005879189581670695 0.0021100152999606147 [23, 26]
0.013510316409724794 0.010894008225384092 [24, 26]
-0.0062559047160418635 0.005890584086038639 [25, 26]
0.0071182097916517246 -0.0026012514231099964 [26, 26]
0.00017104087337027618 -0.007574871661903723 [27, 26]
-0.0004194890270087779 0.0031475574907355443 [28, 26]
-0.005792541059944666 0.005985129067180336 [29, 26]
0.0010731478125255156 0.0006572390474480191 [30, 26]
-0.0029994914734595853 0.0016031176636152143 [31, 26]
-0.00627053649794081 0.0035737769554687435 [0, 27]
-0.005390648869417178 0.0030360553987861696 [1, 27]
-0.003611641666168923 -0.005446141509311866 [2, 27]
-0.010044903436115814 -0.005804452219663213 [3, 27]
0.009596313083125002 0.0042584487147253386 [4, 27]
-0.009197853355785919 -0.007721233135848405 [5, 27]
0.011057405390068976 0.0001034196984579005 [6, 27]
-0.00398382517039095 0.004451003247506315 [7, 27]
-0.006416656461187284 -0.0004917098013812167 [8, 27]
0.008369238591641452 -0.0072493006982852866 [9, 27]
-0.006221530461321719 0.0059903754912982955 [10, 27]
-0.008430796352484815 0.008453312695849015 [11, 27]
-0.00571274723834107 0.00549454055841236 [12, 27]
-0.004921912941155578 -0.00670864720686031 [13, 27]
-0.007829183142153348 0.00628842609594999 [14, 27]
0.0006173447196071594 -0.0029339535052746914 [15, 27]
-0.00024260907054584146 0.016583296263204598 [16, 27]
0.007916416355893798 0.0190199736907896 [17, 27]
-0.0049116827477812515 -0.004195668173264849 [18, 27]
-4.7280942525752854e-05 -0.0021888960011392806 [19, 27]
0.004306503195484516 -0.0028460900089742327 [20, 27]
0.0034476687879772916 0.01620125146936807 [21, 27]
0.02845010299156786 0.010486928786765241 [22, 27]
0.0010054748573791446 0.00947590155342898 [23, 27]
-0.007181437239697629 0.004190507874001473 [24, 27]
0.007922890550768025 -0.000912348765548744 [25, 27]
0.00856811805958759 0.0018973641307409898 [26, 27]
-0.00337011627695209 0.006348769444497075 [27, 27]
-0.0031368988184511323 -0.014028561260095586 [28, 27]
0.0034774815355599134 0.003672799527070721 [29, 27]
-0.011896159743414441 -0.012099626053761404 [30, 27]
0.003944745268428061 -0.007558233281129077 [31, 27]
0.0006524095976019905 -0.0035010974485868325 [0, 28]
0.0026221660577557776 -0.00917432195837961 [1, 28]
-0.00116705606514952 -0.004259351999437522 [2, 28]
-0.00029158778706529363 -0.0005748991408387834 [3, 28]
-0.009329141247271354 -0.005971555350430071 [4, 28]
-0.007692086320576229 0.006151352451145991 [5, 28]
0.002034216140429633 -0.0012906149415134805 [6, 28]
0.0011323494827904246 0.0010330125532529036 [7, 28]
0.002582107933677657 -0.0020620579256566854 [8, 28]
-0.0059173219502741065 0.005469155766672212 [9, 28]
-0.00391946354529388 -0.0020978372864294483 [10, 28]
-0.007656991710094854 -0.005801705517466997 [11, 28]
-0.0006875334078508125 0.0027479488034624923 [12, 28]
0.008850488508023712 -0.016164210498099126 [13, 28]
0.00206624596442939 -0.004571570830933819 [14, 28]
0.011153514696762304 -0.005087116582494329 [15, 28]
0.01224054027041735 0.00466580789155926 [16, 28]
0.007126342349908756 -0.01133882549635261 [17, 28]
0.004959998218746562 0.007747360017823136 [18, 28]
-0.004837005956891393 0.004942041650352195 [19, 28]
-0.003629527154594964 -0.00564026219197374 [20, 28]
-0.003976755036229749 0.0033133231890603524 [21, 28]
0.012242477231115961 0.012288201962544341 [22, 28]
-0.004274905367125963 0.005232723557603452 [23, 28]
0.002682537045819298 0.002696264840197125 [24, 28]
0.0044535651405795745 -0.00189717289632219 [25, 28]
-0.012009318005133992 0.002883741854657237 [26, 28]
0.0031018183995105775 0.007138014063216744 [27, 28]
-0.0009249718332285241 0.007866234441908612 [28, 28]
-0.004374767053974073 0.002922818816948083 [29, 28]
-0.01048233047486555 -0.002297434037310521 [30, 28]
-0.004510007328025306 0.004778781857003292 [31, 28]
0.0038551489758247293 0.014857373575171811 [0, 29]
-0.007006805061817473 0.0027296948418725803 [1, 29]
-0.0067866021117041885 -0.0030796974791685956 [2, 29]
-0.005639474269665942 -0.012647991112836376 [3, 29]
-0.004201453576446026 -0.001431395145302094 [4, 29]
-0.00018402576202005438 0.0028907709688269674 [5, 29]
0.0002249099894839093 -0.0022005423415095357 [6, 29]
0.009996990542247076 0.014013131670223033 [7, 29]
0.0075316713664418155 0.008117297399505067 [8, 29]
-0.010161740856338067 -0.014350592989285975 [9, 29]
-0.002291546034056843 -0.0025719941096312557 [10, 29]
-0.0014657644376627381 0.01086178761843977 [11, 29]
-0.006879425105348061 -0.02109663069647412 [12, 29]
-0.01004617113985902 -0.0055082903064412264 [13, 29]
-0.013954708714501477 -0.009455330718707503 [14, 29]
-0.011651195255418877 0.007612982385794573 [15, 29]
-0.008375110790610638 -0.01922742878515663 [16, 29]
0.016891755787957718 -0.002206353202623283 [17, 29]
0.0021047323546723134 0.004729636311611348 [18, 29]
-0.01013094258892829 -0.0044442397586149564 [19, 29]
0.0007966607045210697 0.003786082129329378 [20, 29]
0.0020730328454066646 -0.007489720816132382 [21, 29]
0.007670272278783106 0.012785804332830471 [22, 29]
-0.0076759373529361385 -0.010484904190822819 [23, 29]
-0.0030407359077545895 0.0065986164008827826 [24, 29]
-0.010724944660503525 0.0054717937711158335 [25, 29]
-0.0025311127588075336 -0.007591802203617358 [26, 29]
-0.0031125876217437736 -0.0014440906726921926 [27, 29]
0.0074703168687526595 0.008381457038184418 [28, 29]
-0.005997489162497477 0.003181184882744568 [29, 29]
0.0016207826543092772 0.001983418542173772 [30, 29]
-0.0052516471860209355 0.015859158882492043 [31, 29]
0.008310184563147634 -0.002303704888676008 [0, 30]
0.004284089237847876 -0.005233206637762664 [1, 30]
0.00860821748969139 0.0015669769531770508 [2, 30]
0.0024417703164466543 -0.000307174262253157 [3, 30]
-0.0013405992782030368 0.006516807357715453 [4, 30]
0.00023442801929097673 0.01003040717694628 [5, 30]
-0.0055122050679108645 -0.005327604084326886 [6, 30]
-0.01442692588706894 -0.0009184135983088252 [7, 30]
0.004256733075725778 -0.0023071364480285036 [8, 30]
0.0008322149966565982 -0.0028577237966466618 [9, 30]
-0.001578480577010002 -0.008503572559506574 [10, 30]
0.004994418128768041 0.00573571536975 [11, 30]
-0.006314710238941658 -4.916667762886814e-05 [12, 30]
0.005090159528223654 0.010681351721060033 [13, 30]
-0.0036947807490717763 0.0007856931100245897 [14, 30]
0.003599562487934889 -0.0052145735906875745 [15, 30]
-0.002482537449110519 -0.0008257574727769042 [16, 30]
0.000805015349338255 0.0018850106007339312 [17, 30]
-3.125828571707278e-05 0.007766074048198888 [18, 30]
0.021224587869058533 -0.0018900531897455646 [19, 30]
0.006097899059797453 -0.001964738202800134 [20, 30]
0.005207594240215325 -0.0009078774033025867 [21, 30]
0.006231460082835263 0.005644399082226441 [22, 30]
-0.012549311307120352 -0.0014169050462605384 [23, 30]
0.006448278938818485 0.010217284602142801 [24, 30]
0.0032963469228569618 -0.004560636667453422 [25, 30]
-0.008684150145862681 0.00628239004329707 [26, 30]
0.007870043101795485 0.009322945767088454 [27, 30]
-0.006304364911647058 -0.0016280124442081879 [28, 30]
0.0016234968156314913 0.008147174989659866 [29, 30]
-0.004199302347416491 -0.005846442410277636 [30, 30]
-0.0009885828443837198 0.004626762057437082 [31, 30]
0.005298359060795441 -0.003310716476995417 [0, 31]
0.006626161223879638 0.0019918070282032244 [1, 31]
0.0026201961776311533 -0.026555420111237127 [2, 31]
-0.0050667980086616235 -0.010581267174271122 [3, 31]
0.015606443101902852 -0.010603095246461296 [4, 31]
0.0035282962793482175 0.002215370057276286 [5, 31]
0.004808660786625889 -0.003888966393095131 [6, 31]
0.01024277870867546 -0.0006191280501655229 [7, 31]
0.0019383088344206987 0.005237593884517838 [8, 31]
-0.005377412050818864 -0.004369050861398751 [9, 31]
0.002339116520048464 0.014527899385528523 [10, 31]
0.002871062208094954 0.0053813045859716765 [11, 31]
-0.0014340654000158837 -0.01626962115923849 [12, 31]
0.016183325521391456 -0.00772361961720781 [13, 31]
-0.009101648408751262 -0.007472590482983117 [14, 31]
-0.005684020595278398 0.00963234737516993 [15, 31]
0.0009975937118060715 0.007434329263646801 [16, 31]
0.0031708326644171287 -0.0044951793601468604 [17, 31]
0.003799266622365013 -0.022410509611521894 [18, 31]
0.0021683045254337883 0.009809213306487232 [19, 31]
0.002658727618040266 -0.0036990989680650553 [20, 31]
-0.012839984073041513 0.002225074392342776 [21, 31]
-0.0027717077815260322 -0.0024214652184161665 [22, 31]
-0.0018329036144071912 -0.0015131978981865336 [23, 31]
-0.0041028396433745095 0.01395098479061671 [24, 31]
-0.0003530943273532294 -0.005283311273796106 [25, 31]
-0.003852123983584761 -0.0025468271123147866 [26, 31]
0.004015715666970219 0.0005460574841831956 [27, 31]
0.0023870306511746668 -0.0012227936134904637 [28, 31]
-0.0002450277403017429 0.00037970202787855297 [29, 31]
-0.0024944043220360423 0.002442182681994375 [30, 31]
0.0005444170178577615 0.007906651440913095 [31, 31]