# d_z
6.574591162780027975e-01
6.551870489688760291e-01
6.529124887731201365e-01
6.506357441514593054e-01
6.483571192953839768e-01
6.460769140881655881e-01
6.437954240682836060e-01
6.415129403952922749e-01
6.392297498181455095e-01
6.369461346459993623e-01
6.346623727215039423e-01
6.323787373965932268e-01
6.300954975107809775e-01
6.278129173719624312e-01
6.255312567397206536e-01
6.232507708111330036e-01
6.209717102090651641e-01
6.186943209729469650e-01
6.164188445520043524e-01
6.141455178009388449e-01
6.118745729780216136e-01
6.096062377455855330e-01
6.073407351728786763e-01
6.050782837412549409e-01
6.028190973516602824e-01
6.005633853343821382e-01
5.983113524610210732e-01
5.960631989586429036e-01
5.938191205260643368e-01
5.915793083522298268e-01
5.893439491366274652e-01
5.871132251116958356e-01
5.848873140671682069e-01
5.826663893762999979e-01
5.804506200239274438e-01
5.782401706362951810e-01
5.760352015126011249e-01
5.738358686581959134e-01
5.716423238193781842e-01
5.694547145197257354e-01
5.672731840979021722e-01
5.650978717468746471e-01
5.629289125544840733e-01
5.607664375453027539e-01
5.586105737237196944e-01
5.564614441181885418e-01
5.543191678265781963e-01
5.521838600625617044e-01
5.500556322029842571e-01
5.479345918361455681e-01
5.458208428109396770e-01
5.437144852867872302e-01
5.416156157843055041e-01
5.395243272366525566e-01
5.374407090414923260e-01
5.353648471135172837e-01
5.332968239374792363e-01
5.312367186216683246e-01
5.291846069517875950e-01
5.271405614451707411e-01
5.251046514052902792e-01
5.230769429765071976e-01
5.210574991990102323e-01
5.190463800638996927e-01
5.170436425683675452e-01
5.150493407709287874e-01
5.130635258466602622e-01
5.110862461424056091e-01
5.091175472319033890e-01
5.071574719708004109e-01
5.052060605515117375e-01
5.032633505578899547e-01
5.013293770196692867e-01
4.994041724666512527e-01
4.974877669825976123e-01
4.955801882588025120e-01
4.936814616473116368e-01
4.917916102137613876e-01
4.899106547898125497e-01
4.880386140251512517e-01
4.861755044390345670e-01
4.843213404713577752e-01
4.824761345332216345e-01
4.806398970569813467e-01
4.788126365457555655e-01
4.769943596223811810e-01
4.751850710777961728e-01
4.733847739188339898e-01
4.715934694154199636e-01
4.698111571471512149e-01
4.680378350492538364e-01
4.662734994579028625e-01
4.645181451548976437e-01
4.627717654116835777e-01
4.610343520327120914e-01
4.593058953981325465e-01
4.575863845058116275e-01
4.558758070126723294e-01
4.541741492753526566e-01
4.524813963901764824e-01
4.507975322324382916e-01
4.491225394949969196e-01
4.474563997261787884e-01
4.457990933669910283e-01
4.441505997876428746e-01
4.425108973233786158e-01
4.408799633096216475e-01
4.392577741164341298e-01
4.376443051822924701e-01
4.360395310471829045e-01
4.344434253850218419e-01
4.328559610354044129e-01
4.312771100346846076e-01
4.297068436463938323e-01
4.281451323910017148e-01
4.265919460750269288e-01
4.250472538195014249e-01
4.235110240877967280e-01
4.219832247128170732e-01
4.204638229235678759e-01
4.189527853711061955e-01
4.174500781538794669e-01
4.159556668424616022e-01
4.144695165036934581e-01
4.129915917242358847e-01
4.115218566335429595e-01
4.100602749262641789e-01
4.086068098840834328e-01
4.071614243970042013e-01
4.057240809840879647e-01
4.042947418136557114e-01
4.028733687229605342e-01
4.014599232373405879e-01
4.000543665888609546e-01
3.986566597344523011e-01
3.972667633735571524e-01
3.958846379652904979e-01
3.945102437451250554e-01
3.931435407411089655e-01
3.917844887896252959e-01
3.904330475507025167e-01
3.890891765228832733e-01
3.877528350576612270e-01
3.864239823734951229e-01
3.851025775694064679e-01
3.837885796381726444e-01
3.824819474791200657e-01
3.811826399105294194e-01
3.798906156816578839e-01
3.786058334843905304e-01
3.773282519645243527e-01
3.760578297326968578e-01
3.747945253749653816e-01
3.735382974630452879e-01
3.722891045642147123e-01
3.710469052508935661e-01
3.698116581099044065e-01
3.685833217514231652e-01
3.673618548176261767e-01
3.661472159910403312e-01
3.649393640026054597e-01
3.637382576394544431e-01
3.625438557524177652e-01
3.613561172632600571e-01
3.601750011716551292e-01
3.590004665619059288e-01
3.578324726094163077e-01
3.566709785869193738e-01
3.555159438704709185e-01
3.543673279452126956e-01
3.532250904109114908e-01
3.520891909872800873e-01
3.509595895190865122e-01
3.498362459810556158e-01
3.487191204825708102e-01
3.476081732721790774e-01
3.465033647419062390e-01
3.454046554313866535e-01
3.443120060318135001e-01
3.432253773897133153e-01
3.421447305105506653e-01
3.410700265621676719e-01
3.400012268780625568e-01
3.389382929605121442e-01
3.378811864835425949e-01
3.368298692957531482e-01
3.357843034229970325e-01
3.347444510709227106e-01
3.337102746273813980e-01
3.326817366647033536e-01
3.316587999418471600e-01
3.306414274064266579e-01
3.296295821966175321e-01
3.286232276429494892e-01
3.276223272699847477e-01
3.266268447978896150e-01
3.256367441438986488e-01
3.246519894236790660e-01
3.236725449525940657e-01
3.226983752468722821e-01
3.217294450246832027e-01
3.207657192071237118e-01
3.198071629191176490e-01
3.188537414902308798e-01
3.179054204554058738e-01
3.169621655556172923e-01
3.160239427384514133e-01
3.150907181586126149e-01
3.141624581783587500e-01
3.132391293678678523e-01
3.123206985055383411e-01
3.114071325782263311e-01
3.104983987814198820e-01
3.095944645193549061e-01
3.086952974050728438e-01
3.078008652604233286e-01
3.069111361160131723e-01
3.060260782111043909e-01
3.051456599934618263e-01
3.042698501191540283e-01
3.033986174523066737e-01
3.025319310648137416e-01
3.016697602360040587e-01
3.008120744522683743e-01
2.999588434066458587e-01
2.991100369983742957e-01
2.982656253324023066e-01
2.974255787188677669e-01
2.965898676725424177e-01
2.957584629122441133e-01
2.949313353602187049e-01
2.941084561414925580e-01
2.932897965831959830e-01
2.924753282138605193e-01
2.916650227626900738e-01
2.908588521588072462e-01
2.900567885304764504e-01
2.892588042043037211e-01
2.884648717044161481e-01
2.876749637516197167e-01
2.868890532625386625e-01
2.861071133487356200e-01
2.853291173158145622e-01
2.845550386625064765e-01
2.837848510797402191e-01
2.830185284496970488e-01
2.822560448448520609e-01
2.814973745270015204e-01
2.807424919462778723e-01
2.799913717401528168e-01
2.792439887324288939e-01
2.785003179322209088e-01
2.777603345329273665e-01
2.770240139111924127e-01
2.762913316258600038e-01
2.755622634169189733e-01
2.748367852044418802e-01
2.741148730875156980e-01
2.733965033431677294e-01
2.726816524252845819e-01
2.719702969635265366e-01
2.712624137622366427e-01
2.705579797993461488e-01
2.698569722252756597e-01
2.691593683618331290e-01
2.684651457011088538e-01
2.677742819043675282e-01
2.670867548009392412e-01
2.664025423871073106e-01
2.657216228249960621e-01
2.650439744414563870e-01
2.643695757269515778e-01
2.636984053344421652e-01
2.630304420782711428e-01
2.623656649330489699e-01
2.617040530325400738e-01
2.610455856685487963e-01
2.603902422898076163e-01
2.597380025008664273e-01
2.590888460609833688e-01
2.584427528830174348e-01
2.577997030323234684e-01
2.571596767256491556e-01
2.565226543300349604e-01
2.558886163617165588e-01
2.552575434850301583e-01
2.546294165113213714e-01
2.540042163978565304e-01
2.533819242467389432e-01
2.527625213038269258e-01
2.521459889576577740e-01
2.515323087383734557e-01
2.509214623166526881e-01
2.503134315026452339e-01
2.497081982449121107e-01
2.491057446293693522e-01
2.485060528782369327e-01
2.479091053489918539e-01
2.473148845333271173e-01
2.467233730561145255e-01
2.461345536743730078e-01
2.455484092762421910e-01
2.449649228799612444e-01
2.443840776328523590e-01
2.438058568103108892e-01
2.432302438147995460e-01
2.426572221748491132e-01
2.420867755440642421e-01
2.415188877001351875e-01
2.409535425438550094e-01
2.403907240981428828e-01
2.398304165070728189e-01
2.392726040349084926e-01
2.387172710651439267e-01
2.381644020995499489e-01
2.376139817572271440e-01
2.370659947736639961e-01
2.365204259998018588e-01
2.359772604011054209e-01
2.354364830566395284e-01
2.348980791581522232e-01
2.343620340091637499e-01
2.338283330240614466e-01
2.332969617272013796e-01
2.327679057520156691e-01
2.322411508401262814e-01
2.317166828404647327e-01
2.311944877083984273e-01
2.306745515048625184e-01
2.301568603954987080e-01
2.296414006497996818e-01
2.291281586402602044e-01
2.286171208415339051e-01
2.281082738295966139e-01
2.276016042809156370e-01
2.270970989716256383e-01
2.265947447767101552e-01
2.260945286691893874e-01
2.255964377193145354e-01
2.251004590937675798e-01
2.246065800548679436e-01
2.241147879597844561e-01
2.236250702597540330e-01
2.231374144993059638e-01
2.226518083154925276e-01
2.221682394371255476e-01
2.216866956840188863e-01
2.212071649662368522e-01
2.207296352833488795e-01
2.202540947236894531e-01
2.197805314636248064e-01
2.193089337668249206e-01
2.188392899835413796e-01
2.183715885498911657e-01
2.179058179871466161e-01
2.174419669010302647e-01
2.169800239810164566e-01
2.165199779996376528e-01
2.160618178117972021e-01
2.156055323540874979e-01
2.151511106441135746e-01
2.146985417798223938e-01
2.142478149388379050e-01
2.137989193778014052e-01
2.133518444317171470e-01
2.129065795133041616e-01
2.124631141123526357e-01
2.120214377950861151e-01
2.115815402035292336e-01
2.111434110548802701e-01
2.107070401408893956e-01
2.102724173272421948e-01
2.098395325529479050e-01
2.094083758297335951e-01
2.089789372414427027e-01
2.085512069434393434e-01
2.081251751620173673e-01
2.077008321938144664e-01
2.072781684052314721e-01
2.068571742318564000e-01
2.064378401778935446e-01
2.060201568155975438e-01
2.056041147847121608e-01
2.051897047919140626e-01
2.047769176102612332e-01
2.043657440786463553e-01
2.039561751012545499e-01
2.035482016470263056e-01
2.031418147491248216e-01
2.027370055044075414e-01
2.023337650729032933e-01
2.019320846772929001e-01
2.015319556023950354e-01
2.011333691946561031e-01
2.007363168616449478e-01
2.003407900715516721e-01
1.999467803526909782e-01
1.995542792930097287e-01
1.991632785395990590e-01
1.987737697982105423e-01
1.983857448327764617e-01
