# f_z
3.453776714769360989e-01
3.504494136975698781e-01
3.555174045342082145e-01
3.605807325308755251e-01
3.656384987685739052e-01
3.706898171925196994e-01
3.757338149283679929e-01
3.807696325869449616e-01
3.857964245570358885e-01
3.908133592858141769e-01
3.958196195465253364e-01
4.008144026930714476e-01
4.057969209011788037e-01
4.107664013958647331e-01
4.157220866649471436e-01
4.206632346583812909e-01
4.255891189732382562e-01
4.304990290241744733e-01
4.353922701992696265e-01
4.402681640011546493e-01
4.451260481733667618e-01
4.499652768119200008e-01
4.547852204620906891e-01
4.595852662004654698e-01
4.643648177023143031e-01
4.691232952943910073e-01
4.738601359932825829e-01
4.785747935294638600e-01
4.832667383572291087e-01
4.879354576507076713e-01
4.925804552861851038e-01
4.972012518109814039e-01
5.017973843991510030e-01
5.063684067942912925e-01
5.109138892397735443e-01
5.154334183967084204e-01
5.199265972499952371e-01
5.243930450028031487e-01
5.288323969598509589e-01
5.332443043998668086e-01
5.376284344376143221e-01
5.419844698758840007e-01
5.463121090478573194e-01
5.506110656502554157e-01
5.548810685676904830e-01
5.591218616886423076e-01
5.633332037134903825e-01
5.675148679550222619e-01
5.716666421318521429e-01
5.757883281551794408e-01
5.798797419093099093e-01
5.839407130263702950e-01
5.879710846556374104e-01
5.919707132278986261e-01
5.959394682152621137e-01
5.998772318868219600e-01
6.037838990605827183e-01
6.076593768520395233e-01
6.115035844198004611e-01
6.153164527086334434e-01
6.190979241903091790e-01
6.228479526026005075e-01
6.265665026867954790e-01
6.302535499240631278e-01
6.339090802710104500e-01
6.375330898947466629e-01
6.411255849077726054e-01
6.446865811029920401e-01
6.482161036891374017e-01
6.517141870268857717e-01
6.551808743659349732e-01
6.586162175832915855e-01
6.620202769230190132e-01
6.653931207376739820e-01
6.687348252316568376e-01
6.720454742066793719e-01
6.753251588095557922e-01
6.785739772824963545e-01
6.817920347160855155e-01
6.849794428051044770e-01
6.881363196073571054e-01
6.912627893056395578e-01
6.943589819729870660e-01
6.974250333413224423e-01
7.004610845736183311e-01
7.034672820396772330e-01
7.064437770956206730e-01
7.093907258671798832e-01
7.123082890368520603e-01
7.151966316350029107e-01
7.180559228349638889e-01
7.208863357521815285e-01
7.236880472474600534e-01
7.264612377343333538e-01
7.292060909905953014e-01
7.319227939740118316e-01
7.346115366422272253e-01
7.372725117768772485e-01
7.399059148119111473e-01
7.425119436661188344e-01
7.450907985798580491e-01
7.476426819559678361e-01
7.501677982048495785e-01
7.526663535936941596e-01
7.551385560998316038e-01
7.575846152681676715e-01
7.600047420726780967e-01
7.623991487819195001e-01
7.647680488285176770e-01
7.671116566825901817e-01
7.694301877290540270e-01
7.717238581487706472e-01
7.739928848034769437e-01
7.762374851244477902e-01
7.784578770048342644e-01
7.806542786956187641e-01
7.828269087051317188e-01
7.849759857020639497e-01
7.871017284219172794e-01
7.892043555768279983e-01
7.912840857686987972e-01
7.933411374055782117e-01
7.953757286212165267e-01
7.973880771977376325e-01
7.993784004913566665e-01
8.013469153610788265e-01
8.032938381003129624e-01
8.052193843713313370e-01
8.071237691425099392e-01
8.090072066282837371e-01
8.108699102317479257e-01
8.127120924898413312e-01
8.145339650210451365e-01
8.163357384755327573e-01
8.181176224877042547e-01
8.198798256310424470e-01
8.216225553752278810e-01
8.233460180454470478e-01
8.250504187838363368e-01
8.267359615129947770e-01
8.284028489015101693e-01
8.300512823314352140e-01
8.316814618676575677e-01
8.332935862291048768e-01
8.348878527617272782e-01
8.364644574132020782e-01
8.380235947093069848e-01
8.395654577319056067e-01
8.410902380984940363e-01
8.425981259432561155e-01
8.440893098995758681e-01
8.455639770839599167e-01
8.470223130813174794e-01
8.484645019315528724e-01
8.498907261174242223e-01
8.513011665536200923e-01
8.526960025770131679e-01
8.540754119380448151e-01
8.554395707931994330e-01
8.567886536985276358e-01
8.581228336041760718e-01
8.594422818498876904e-01
8.607471681614312642e-01
8.620376606479247528e-01
8.633139258000157579e-01
8.645761284888838771e-01
8.658244319660303168e-01
8.670589978638223450e-01
8.682799861967596122e-01
8.694875553634306975e-01
8.706818621491302368e-01
8.718630617291055485e-01
8.730313076724065535e-01
8.741867519463082381e-01
8.753295449212800117e-01
8.764598353764769811e-01
8.775777705057250522e-01
8.786834959239784304e-01
8.797771556742228771e-01
8.808588922348035144e-01
8.819288465271549748e-01
8.829871579239113588e-01
8.840339642573760148e-01
8.850694018283303821e-01
8.860936054151641317e-01
8.871067082833052897e-01
8.881088421949344669e-01
8.891001374189650974e-01
8.900807227412721456e-01
8.910507254751545148e-01
8.920102714720139492e-01
8.929594851322362192e-01
8.938984894162609329e-01
8.948274058558233213e-01
8.957463545653583381e-01
8.966554542535506434e-01
8.975548222350199223e-01
8.984445744421302171e-01
8.993248254369092809e-01
9.001956884230694067e-01
9.010572752581182954e-01
9.019096964655491933e-01
9.027530612471016402e-01
9.035874774950829469e-01
9.044130518047409639e-01
9.052298894866812606e-01
9.060380945793177210e-01
9.068377698613522275e-01
9.076290168642729972e-01
9.084119358848652404e-01
9.091866259977290365e-01
9.099531850677947675e-01
9.107117097628322222e-01
9.114622955659471559e-01
9.122050367880591981e-01
9.129400265803542247e-01
9.136673569467100853e-01
9.143871187560863589e-01
9.150994017548764736e-01
9.158042945792166378e-01
9.165018847672466995e-01
9.171922587713217112e-01
9.178755019701667628e-01
9.185516986809743045e-01
9.192209321714397419e-01
9.198832846717317491e-01
9.205388373863949703e-01
9.211876705061823323e-01
9.218298632198130838e-01
9.224654937256562270e-01
9.230946392433353465e-01
9.237173760252528343e-01
9.243337793680331815e-01
9.249439236238803375e-01
9.255478822118506921e-01
9.261457276290384621e-01
9.267375314616709270e-01
9.273233643961149575e-01
9.279032962297908416e-01
9.284773958819938500e-01
9.290457314046218773e-01
9.296083699928083810e-01
9.301653779954599521e-01
9.307168209256970748e-01
9.312627634711985181e-01
9.318032695044473623e-01
9.323384020928797700e-01
9.328682235089343910e-01
9.333927952400031813e-01
9.339121779982834104e-01
9.344264317305296386e-01
9.349356156277062180e-01
9.354397881345407617e-01
9.359390069589766936e-01
9.364333290815273214e-01
9.369228107645291015e-01
9.374075075612963159e-01
9.378874743251759405e-01
9.383627652185032586e-01
9.388334337214584435e-01
9.392995326408251078e-01
9.397611141186499317e-01
9.402182296408041484e-01
9.406709300454485501e-01
9.411192655314002398e-01
9.415632856664030159e-01
9.420030393953019443e-01
9.424385750481218960e-01
9.428699403480514940e-01
9.432971824193312482e-01
9.437203477950494301e-01
9.441394824248431350e-01
9.445546316825075284e-01
9.449658403735128331e-01
9.453731527424295011e-01
9.457766124802629015e-01
9.461762627316981922e-01
9.465721461022557071e-01
9.469643046653574148e-01
9.473527799693063356e-01
9.477376130441775848e-01
9.481188444086244838e-01
9.484965140765976299e-01
9.488706615639808106e-01
9.492413258951406529e-01
9.496085456093954491e-01
9.499723587673994940e-01
9.503328029574471536e-01
9.506899153016948878e-01
9.510437324623040034e-01
9.513942906475039152e-01
9.517416256175770251e-01
9.520857726907656637e-01
9.524267667491022049e-01
9.527646422441636842e-01
9.530994332027507010e-01
9.534311732324918243e-01
9.537598955273749457e-01
9.540856328732052472e-01
9.544084176529917807e-01
9.547282818522623282e-01
9.550452570643085393e-01
9.553593744953605693e-01
9.556706649696942169e-01
9.559791589346691154e-01
9.562848864656999792e-01
9.565878772711617906e-01
9.568881606972293730e-01
9.571857657326515723e-01
9.574807210134623769e-01
9.577730548276276457e-01
9.580627951196308834e-01
9.583499694949952907e-01
9.586346052247470828e-01
9.589167292498165240e-01
9.591963681853811208e-01
9.594735483251493058e-01
9.597482956455863912e-01
9.600206358100826787e-01
9.602905941730663919e-01
9.605581957840592100e-01
9.608234653916778445e-01
9.610864274475812152e-01
9.613471061103626703e-01
9.616055252493910244e-01
9.618617084485979740e-01
9.621156790102145528e-01
9.623674599584564060e-01
9.626170740431583273e-01
9.628645437433603904e-01
9.631098912708438986e-01
9.633531385736197050e-01
9.635943073393684610e-01
9.638334189988342349e-01
9.640704947291713900e-01
9.643055554572455002e-01
9.645386218628899666e-01
9.647697143821170052e-01
9.649988532102850014e-01
9.652260583052230114e-01
9.654513493903118526e-01
9.656747459575228953e-01
9.658962672704161090e-01
9.661159323670956978e-01
9.663337600631268787e-01
9.665497689544106930e-01
9.667639774200212921e-01
9.669764036250033667e-01
9.671870655231311620e-01
9.673959808596304111e-01
9.676031671738618556e-01
9.678086418019693493e-01
9.680124218794906588e-01
9.682145243439326254e-01
9.684149659373118002e-01
9.686137632086591065e-01
9.688109325164916408e-01
9.690064900312490570e-01
9.692004517376981987e-01
9.693928334373034250e-01
9.695836507505655177e-01
9.697729191193282805e-01
9.699606538090532748e-01
9.701468699110641358e-01
9.703315823447596911e-01
9.705148058597971028e-01
9.706965550382450347e-01
9.708768442967077306e-01
9.710556878884201160e-01
9.712330999053135905e-01
9.714090942800549522e-01
9.715836847880563454e-01
9.717568850494587851e-01
9.719287085310878149e-01
9.720991685483835187e-01
9.722682782673033319e-01
9.724360507061997616e-01
9.726024987376720166e-01
9.727676350903933233e-01
9.729314723509121521e-01
9.730940229654305718e-01
9.732552992415572923e-01
9.734153133500373922e-01
9.735740773264588421e-01
9.737316030729358252e-01
9.738879023597688533e-01
9.740429868270832348e-01
9.741968679864450031e-01
9.743495572224546430e-01
9.745010657943201648e-01
9.746514048374088635e-01
9.748005853647769836e-01
9.749486182686806224e-01
9.750955143220650934e-01
9.752412841800344179e-01
9.753859383813014983e-01
9.755294873496187513e-01
9.756719413951892017e-01
9.758133107160588127e-01
9.759536053994904981e-01
9.760928354233194826e-01
