# d_z
7.068694398423279734e-01
7.039906421067829712e-01
7.011133046279771630e-01
6.982378298368376868e-01
6.953646119808578607e-01
6.924940371086399926e-01
6.896264830599548867e-01
6.867623194612672011e-01
6.839019077266585978e-01
6.810456010640804081e-01
6.781937444868496589e-01
6.753466748303040834e-01
6.725047207735185273e-01
6.696682028659768360e-01
6.668374335590923074e-01
6.640127172424601376e-01
6.611943502847160703e-01
6.583826210788783495e-01
6.555778100920378604e-01
6.527801899192603452e-01
6.499900253415583640e-01
6.472075733877901138e-01
6.444330834003383357e-01
6.416667971044145435e-01
6.389089486808401386e-01
6.361597648421488671e-01
6.334194649118528586e-01
6.306882609067173684e-01
6.279663576218845744e-01
6.252539527186906643e-01
6.225512368150168951e-01
6.198583935780163090e-01
6.171755998190618930e-01
6.145030255907589778e-01
6.118408342858678850e-01
6.091891827379848356e-01
6.065482213238306830e-01
6.039180940669983677e-01
6.012989387430147659e-01
5.986908869855720461e-01
5.960940643937910899e-01
5.935085906403758660e-01
5.909345795805293067e-01
5.883721393614961270e-01
5.858213725326100185e-01
5.832823761557168751e-01
5.807552419158593660e-01
5.782400562321041715e-01
5.757369003684008613e-01
5.732458505443660535e-01
5.707669780458874964e-01
5.683003493354485958e-01
5.658460261620795739e-01
5.634040656708421135e-01
5.609745205117614431e-01
5.585574389481214874e-01
5.561528649640462563e-01
5.537608383712890880e-01
5.513813949151625815e-01
5.490145663795400477e-01
5.466603806908644225e-01
5.443188620211091289e-01
5.419900308896307140e-01
5.396739042638660777e-01
5.373704956588224446e-01
5.350798152353186676e-01
5.328018698969340106e-01
5.305366633856293257e-01
5.282841963760041004e-01
5.260444665681597298e-01
5.238174687791400386e-01
5.216031950329239608e-01
5.194016346489483960e-01
5.172127743291420332e-01
5.150365982434524925e-01
5.128730881138539033e-01
5.107222232968209319e-01
5.085839808642631521e-01
5.064583356829097660e-01
5.043452604921409010e-01
5.022447259802631514e-01
5.001567008592264774e-01
4.980811519377870145e-01
4.960180441931140161e-01
4.939673408408490896e-01
4.919290034036209458e-01
4.899029917780268195e-01
4.878892643000830587e-01
4.858877778091638677e-01
4.838984877104297588e-01
4.819213480357680268e-01
4.799563115032506322e-01
4.780033295751296984e-01
4.760623525143830026e-01
4.741333294398283327e-01
4.722162083798208676e-01
4.703109363245552288e-01
4.684174592769868584e-01
4.665357223023953726e-01
4.646656695766064327e-01
4.628072444328953927e-01
4.609603894075904318e-01
4.591250462843982083e-01
4.573011561374717981e-01
4.554886593732441757e-01
4.536874957710466116e-01
4.518976045225360783e-01
4.501189242699532578e-01
4.483513931432325239e-01
4.465949487959867126e-01
4.448495284403886085e-01
4.431150688809737948e-01
4.413915065473827948e-01
4.396787775260687647e-01
4.379768175909904415e-01
4.362855622333143835e-01
4.346049466901468761e-01
4.329349059723174853e-01
4.312753748912369622e-01
4.296262880848500942e-01
4.279875800427050403e-01
4.263591851301603564e-01
4.247410376117494724e-01
4.231330716737249364e-01
4.215352214458016888e-01
4.199474210221199044e-01
4.183696044814460557e-01
4.168017059066331798e-01
4.152436594033594996e-01
4.136953991181627210e-01
4.121568592557902644e-01
4.106279740958830304e-01
4.091086780090112951e-01
4.075989054720791649e-01
4.060985910831163559e-01
4.046076695754735608e-01
4.031260758314382242e-01
4.016537448952876566e-01
4.001906119857940869e-01
3.987366125081995283e-01
3.972916820656743342e-01
3.958557564702749887e-01
3.944287717534151749e-01
3.930106641758672747e-01
3.916013702373037919e-01
3.902008266853977392e-01
3.888089705244913707e-01
3.874257390238480814e-01
3.860510697255015722e-01
3.846849004517117754e-01
3.833271693120439139e-01
3.819778147100779120e-01
3.806367753497640893e-01
3.793039902414349629e-01
3.779793987074824835e-01
3.766629403877148063e-01
3.753545552444010336e-01
3.740541835670143089e-01
3.727617659766845892e-01
3.714772434303687532e-01
3.702005572247495935e-01
3.689316489998724080e-01
3.676704607425269611e-01
3.664169347893846962e-01
3.651710138299001374e-01
3.639326409089833070e-01
3.627017594294528191e-01
3.614783131542756434e-01
3.602622462086030319e-01
3.590535030816090489e-01
3.578520286281381968e-01
3.566577680701709108e-01
3.554706669981117506e-01
3.542906713719081724e-01
3.531177275220060974e-01
3.519517821501472743e-01
3.507927823300166503e-01
3.496406755077430262e-01
3.484954095022608223e-01
3.473569325055372858e-01
3.462251930826701907e-01
3.451001401718622463e-01
3.439817230842768803e-01
3.428698915037791672e-01
3.417645954865678459e-01
3.406657854607026970e-01
3.395734122255315013e-01
3.384874269510205758e-01
3.374077811769933821e-01
3.363344268122813729e-01
3.352673161337904606e-01
3.342064017854872171e-01
3.331516367773079135e-01
3.321029744839949505e-01
3.310603686438627902e-01
3.300237733574974963e-01
3.289931430863928807e-01
3.279684326515260318e-01
3.269495972318757770e-01
3.259365923628863015e-01
3.249293739348788623e-01
3.239278981914148758e-01
3.229321217276119871e-01
3.219420014884158410e-01
3.209574947668312750e-01
3.199785592021129332e-01
3.190051527779195206e-01
3.180372338204331406e-01
3.170747609964452707e-01
3.161176933114127618e-01
3.151659901074836956e-01
3.142196110614978166e-01
3.132785161829605980e-01
3.123426658119939914e-01
3.114120206172659722e-01
3.104865415938992679e-01
3.095661900613618789e-01
3.086509276613405017e-01
3.077407163555978542e-01
3.068355184238161226e-01
3.059352964614273640e-01
3.050400133774324174e-01
3.041496323922088241e-01
3.032641170353103099e-01
3.023834311432572752e-01
3.015075388573213999e-01
3.006364046213030883e-01
2.997699931793051387e-01
2.989082695735013617e-01
2.980511991419032558e-01
2.971987475161236292e-01
2.963508806191397227e-01
2.955075646630552777e-01
2.946687661468630481e-01
2.938344518542091444e-01
2.930045888511582097e-01
2.921791444839617058e-01
2.913580863768289730e-01
2.905413824297028436e-01
2.897290008160387509e-01
2.889209099805896686e-01
2.881170786371958226e-01
2.873174757665813983e-01
2.865220706141567986e-01
2.857308326878291171e-01
2.849437317558188854e-01
2.841607378444858667e-01
2.833818212361629008e-01
2.826069524669979627e-01
2.818361023248061592e-01
2.810692418469306064e-01
2.803063423181137992e-01
2.795473752683782509e-01
2.787923124709185130e-01
2.780411259400032420e-01
2.772937879288884799e-01
2.765502709277428139e-01
2.758105476615824725e-01
2.750745910882200218e-01
2.743423743962237760e-01
2.736138710028895860e-01
2.728890545522253963e-01
2.721678989129474591e-01
2.714503781764902035e-01
2.707364666550278742e-01
2.700261388795102135e-01
2.693193695977099678e-01
2.686161337722846598e-01
2.679164065788511850e-01
2.672201634040737850e-01
2.665273798437654551e-01
2.658380317010033966e-01
2.651520949842570696e-01
2.644695459055312892e-01
2.637903608785219234e-01
2.631145165167863009e-01
2.624419896319264423e-01
2.617727572317873896e-01
2.611067965186684159e-01
2.604440848875487768e-01
2.597845999243271753e-01
2.591283194040752691e-01
2.584752212893050016e-01
2.578252837282500876e-01
2.571784850531617095e-01
2.565348037786170932e-01
2.558942185998436813e-01
2.552567083910557422e-01
2.546222522038056879e-01
2.539908292653490496e-01
2.533624189770232737e-01
2.527370009126402861e-01
2.521145548168931549e-01
2.514950606037758551e-01
2.508784983550175207e-01
2.502648483185293538e-01
2.496540909068662439e-01
2.490462066957008225e-01
2.484411764223118935e-01
2.478389809840858549e-01
2.472396014370312478e-01
2.466430189943072671e-01
2.460492150247648446e-01
2.454581710515012227e-01
2.448698687504278493e-01
2.442842899488505970e-01
2.437014166240636937e-01
2.431212309019560036e-01
2.425437150556304655e-01
2.419688515040360199e-01
2.413966228106122491e-01
2.408270116819465900e-01
2.402600009664441760e-01
2.396955736530099745e-01
2.391337128697430259e-01
2.385744018826434776e-01
2.380176240943310817e-01
2.374633630427765429e-01
2.369116024000438858e-01
2.363623259710458391e-01
2.358155176923100727e-01
2.352711616307580911e-01
2.347292419824945353e-01
2.341897430716093076e-01
2.336526493489903544e-01
2.331179453911482180e-01
2.325856158990514677e-01
2.320556456969739001e-01
2.315280197313523414e-01
2.310027230696558020e-01
2.304797408992652341e-01
2.299590585263645015e-01
2.294406613748417034e-01
2.289245349852017108e-01
2.284106650134884176e-01
2.278990372302185374e-01
2.273896375193247277e-01
2.268824518771097587e-01
2.263774664112108981e-01
2.258746673395734261e-01
2.253740409894359198e-01
2.248755737963235857e-01
2.243792523030528896e-01
2.238850631587452622e-01
2.233929931178505468e-01
2.229030290391801616e-01
2.224151578849499766e-01
2.219293667198319053e-01
2.214456427100157943e-01
2.209639731222796111e-01
2.204843453230694583e-01
2.200067467775884134e-01
2.195311650488942778e-01
2.190575877970064311e-01
2.185860027780213155e-01
2.181163978432369144e-01
2.176487609382855293e-01
2.171830801022753554e-01
2.167193434669406338e-01
2.162575392557998244e-01
2.157976557833227449e-01
2.153396814541052029e-01
2.148836047620523160e-01
2.144294142895699917e-01
2.139770987067638464e-01
2.135266467706466165e-01
2.130780473243531481e-01
2.126312892963632128e-01
2.121863616997321511e-01
2.117432536313288427e-01
2.113019542710815324e-01
2.108624528812310384e-01
2.104247388055911772e-01
2.099888014688168769e-01
2.095546303756790074e-01
2.091222151103470650e-01
2.086915453356783523e-01
2.082626107925144854e-01
2.078354012989848953e-01
2.074099067498172133e-01
2.069861171156543445e-01
2.065640224423782589e-01
2.061436128504408050e-01
2.057248785342007114e-01
2.053078097612677511e-01
2.048923968718524280e-01
2.044786302781230747e-01
2.040665004635687230e-01
2.036559979823684974e-01
2.032471134587671147e-01
2.028398375864566006e-01
2.024341611279640296e-01
2.020300749140454821e-01
2.016275698430858299e-01
2.012266368805043226e-01
2.008272670581663644e-01
2.004294514738008404e-01
2.000331812904230233e-01
1.996384477357636689e-01
1.992452421017031905e-01
1.988535557437116352e-01
