# f_z
4.073442020087891802e-01
4.129197947040148531e-01
4.184775780340800333e-01
4.240165117269947270e-01
4.295355805594829324e-01
4.350337946454365667e-01
4.405101896948895313e-01
4.459638272433756878e-01
4.513937948516080212e-01
4.567992062755019678e-01
4.621792016066368358e-01
4.675329473833275129e-01
4.728596366725479339e-01
4.781584891230166168e-01
4.834287509898255175e-01
4.886696951310458559e-01
4.938806209768178412e-01
4.990608544714743022e-01
5.042097479893113965e-01
5.093266802246636527e-01
5.144110560569832291e-01
5.194623063916745664e-01
5.244798879774654754e-01
5.294632832011305634e-01
5.344119998604184296e-01
5.393255709160593714e-01
5.442035542237484425e-01
5.490455322470260136e-01
5.538511117519909766e-01
5.586199234847915029e-01
5.633516218328542546e-01
5.680458844708121680e-01
5.727024119920993694e-01
5.773209275271811158e-01
5.819011763493767697e-01
5.864429254692432592e-01
5.909459632184608235e-01
5.954100988241655124e-01
5.998351619746549179e-01
6.042210023773780803e-01
6.085674893101056249e-01
6.128745111661584311e-01
6.171419749945452615e-01
6.213698060358544550e-01
6.255579472546982656e-01
6.297063588695068770e-01
6.338150178804295987e-01
6.378839175960768770e-01
6.419130671598147764e-01
6.459024910762898308e-01
6.498522287388375229e-01
6.537623339583953364e-01
6.576328744945199034e-01
6.614639315890662452e-01
6.652555995030740021e-01
6.690079850573587006e-01
6.727212071772947777e-01
6.763953964422320109e-01
6.800306946399733432e-01
6.836272543267003510e-01
6.871852383927181673e-01
6.907048196343508195e-01
6.941861803323058355e-01
6.976295118367881187e-01
7.010350141596272122e-01
7.044028955736507669e-01
7.077333722195184862e-01
7.110266677202032870e-01
7.142830128032894299e-01
7.175026449312273957e-01
7.206858079396760708e-01
7.238327516840313836e-01
7.269437316942297667e-01
7.300190088378932796e-01
7.330588489918650197e-01
7.360635227221701271e-01
7.390333049724191472e-01
7.419684747606566377e-01
7.448693148846441403e-01
7.477361116355537574e-01
7.505691545200350312e-01
7.533687359906073855e-01
7.561351511843186213e-01
7.588686976695998565e-01
7.615696752012399706e-01
7.642383854833900703e-01
7.668751319405031630e-01
7.694802194961078978e-01
7.720539543593034626e-01
7.745966438188647274e-01
7.771085960448318453e-01
7.795901198974606316e-01
7.820415247434027162e-01
7.844631202789815738e-01
7.868552163604237704e-01
7.892181228409098637e-01
7.915521494142940817e-01
7.938576054653549985e-01
7.961347999264241082e-01
7.983840411402469694e-01
8.006056367289248188e-01
8.027998934687911037e-01
8.049671171710661710e-01
8.071076125681441171e-01
8.092216832053608089e-01
8.113096313380916413e-01
8.133717578340318166e-01
8.154083620805101518e-01
8.174197418966890893e-01
8.194061934505074696e-01
8.213680111802194039e-01
8.233054877203879185e-01
8.252189138321940343e-01
8.271085783379209522e-01
8.289747680594775625e-01
8.308177677608270528e-01
8.326378600941891639e-01
8.344353255498840882e-01
8.362104424096942212e-01
8.379634867036156454e-01
8.396947321698787770e-01
8.414044502181184937e-01
8.430929098955762813e-01
8.447603778562196020e-01
8.464071183326672410e-01
8.480333931108114953e-01
8.496394615070308465e-01
8.512255803478884220e-01
8.527920039522164375e-01
8.543389841154881426e-01
8.558667700963800140e-01
8.573756086054331593e-01
8.588657437957221141e-01
8.603374172554438815e-01
8.617908680023411705e-01
8.632263324798781223e-01
8.646440445550868104e-01
8.660442355180089091e-01
8.674271340826551491e-01
8.687929663894101706e-01
8.701419560088129446e-01
8.714743239466442581e-01
8.727902886502534319e-01
8.740900660160645375e-01
8.753738693981955032e-01
8.766419096181343740e-01
8.778943949754142162e-01
8.791315312592307141e-01
8.803535217609499419e-01
8.815605672874536891e-01
8.827528661752747086e-01
8.839306143054728171e-01
8.850940051192051072e-01
8.862432296339490811e-01
8.873784764603329656e-01
8.884999318195347939e-01
8.896077795612099548e-01
8.907022011819089036e-01
8.917833758439515091e-01
8.928514803947202871e-01
8.939066893863414354e-01
8.949491750957214720e-01
8.959791075449072828e-01
8.969966545217439302e-01
8.980019816007986933e-01
8.989952521645260264e-01
8.999766274246491227e-01
9.009462664437318802e-01
9.019043261569188452e-01
9.028509613938202616e-01
9.037863249005226862e-01
9.047105673617025223e-01
9.056238374228254839e-01
9.065262817124122297e-01
9.074180448643531793e-01
9.082992695402560823e-01
9.091700964518105721e-01
9.100306643831544973e-01
9.108811102132278181e-01
9.117215689381013011e-01
9.125521736932663552e-01
9.133730557758742430e-01
9.141843446669143392e-01
9.149861680533182273e-01
9.157786518499828610e-01
9.165619202216994665e-01
9.173360956049823045e-01
9.181012987297875183e-01
9.188576486411136335e-01
9.196052627204768237e-01
9.203442567072547265e-01
9.210747447198904814e-01
9.217968392769522179e-01
9.225106513180425516e-01
9.232162902245510949e-01
9.239138638402470960e-01
9.246034784917068761e-01
9.252852390085709589e-01
9.259592487436284491e-01
9.266256095927248859e-01
9.272844220144890182e-01
9.279357850498778371e-01
9.285797963415348688e-01
9.292165521529608396e-01
9.298461473874941596e-01
9.304686756070996712e-01
9.310842290509625530e-01
9.316928986538882684e-01
9.322947740645051162e-01
9.328899436632700493e-01
9.334784945802755418e-01
9.340605127128571716e-01
9.346360827430030271e-01
9.352052881545612761e-01
9.357682112502494487e-01
9.363249331684619925e-01
9.368755338998793203e-01
9.374200923038752409e-01
9.379586861247265483e-01
9.384913920076221050e-01
9.390182855144747487e-01
9.395394411395340262e-01
9.400549323248023059e-01
9.405648314752552697e-01
9.410692099738662275e-01
9.415681381964358110e-01
9.420616855262299305e-01
9.425499203684236660e-01
9.430329101643556422e-01
9.435107214055926672e-01
9.439834196478055217e-01
9.444510695244578979e-01
9.449137347603107084e-01
9.453714781847416537e-01
9.458243617448826024e-01
9.462724465185758937e-01
9.467157927271520057e-01
9.471544597480285876e-01
9.475885061271346332e-01
9.480179895911591270e-01
9.484429670596284945e-01
9.488634946568117456e-01
9.492796277234575308e-01
9.496914208283635528e-01
9.500989277797804444e-01
9.505022016366515558e-01
9.509012947196912036e-01
9.512962586223028261e-01
9.516871442213384880e-01
9.520740016877017320e-01
9.524568804967962210e-01
9.528358294388215022e-01
9.532108966289173368e-01
9.535821295171594825e-01
9.539495748984071488e-01
9.543132789220062362e-01
9.546732871013479116e-01
9.550296443232852983e-01
9.553823948574110547e-01
9.557315823651955089e-01
9.560772499089889020e-01
9.564194399608894059e-01
9.567581944114774695e-01
9.570935545784191589e-01
9.574255612149408234e-01
9.577542545181754186e-01
9.580796741373833747e-01
9.584018591820487876e-01
9.587208482298544832e-01
9.590366793345341812e-01
9.593493900336079738e-01
9.596590173559987891e-01
9.599655978295337233e-01
9.602691674883311324e-01
9.605697618800755899e-01
9.608674160731816016e-01
9.611621646638482952e-01
9.614540417830061969e-01
9.617430811031583149e-01
9.620293158451161952e-01
9.623127787846332826e-01
9.625935022589364731e-01
9.628715181731576367e-01
9.631468580066672169e-01
9.634195528193096880e-01
9.636896332575443092e-01
9.639571295604908441e-01
9.642220715658833541e-01
9.644844887159318425e-01
9.647444100630943042e-01
9.650018642757594023e-01
9.652568796438431020e-01
9.655094840842981530e-01
9.657597051465388605e-01
9.660075700177835900e-01
9.662531055283136716e-01
9.664963381566524792e-01
9.667372940346645738e-01
9.669759989525759103e-01
9.672124783639177714e-01
9.674467573903939854e-01
9.676788608266737590e-01
9.679088131451101251e-01
9.681366385003868924e-01
9.683623607340933193e-01
9.685860033792285106e-01
9.688075896646375362e-01
9.690271425193782706e-01
9.692446845770219532e-01
9.694602381798870239e-01
9.696738253832090093e-01
9.698854679592453509e-01
9.700951874013180598e-01
9.703030049277938662e-01
9.705089414860036401e-01
9.707130177561021922e-01
9.709152541548677906e-01
9.711156708394449444e-01
9.713142877110285678e-01
9.715111244184932993e-01
9.717062003619660882e-01
9.718995346963442694e-01
9.720911463347614578e-01
9.722810539519984863e-01
9.724692759878436066e-01
9.726558306504012874e-01
9.728407359193502746e-01
9.730240095491524688e-01
9.732056690722129533e-01
9.733857318019913940e-01
9.735642148360670323e-01
9.737411350591564929e-01
9.739165091460862955e-01
9.740903535647198463e-01
9.742626845788405765e-01
9.744335182509908933e-01
9.746028704452687208e-01
9.747707568300812975e-01
9.749371928808578947e-01
9.751021938827210134e-01
9.752657749331180570e-01
9.754279509444123697e-01
9.755887366464360833e-01
9.757481465890044392e-01
9.759061951443920302e-01
9.760628965097717380e-01
9.762182647096178112e-01
9.763723135980723056e-01
9.765250568612761084e-01
9.766765080196652127e-01
9.768266804302330186e-01
9.769755872887578851e-01
9.771232416319987069e-01
9.772696563398566294e-01
9.774148441375050123e-01
9.775588175974883054e-01
9.777015891417883964e-01
9.778431710438617586e-01
9.779835754306447360e-01
9.781228142845310725e-01
9.782608994453180218e-01
9.783978426121258121e-01
9.785336553452865793e-01
9.786683490682074327e-01
9.788019350692045428e-01
9.789344245033112513e-01
9.790658283940584239e-01
9.791961576352300467e-01
9.793254229925919541e-01
9.794536351055953549e-01
9.795808044890561561e-01
9.797069415348085286e-01
9.798320565133351590e-01
9.799561595753735199e-01
9.800792607534982714e-01
9.802013699636813460e-01
9.803224970068284971e-01
9.804426515702943101e-01
9.805618432293743414e-01
9.806800814487762752e-01
9.807973755840697638e-01
9.809137348831146186e-01
9.810291684874690166e-01
9.811436854337771685e-01
9.812572946551365582e-01
9.813700049824463090e-01
9.814818251457354537e-01
9.815927637754721102e-01
9.817028294038544489e-01
9.818120304660822306e-01
9.819203753016111369e-01
9.820278721553883372e-01
9.821345291790707366e-01
9.822403544322257929e-01
9.823453558835154587e-01
9.824495414118623593e-01
9.825529188076007614e-01
9.826554957736097773e-01
9.827572799264316927e-01
9.828582787973734192e-01
9.829584998335931800e-01
