# k_h
8.782232725934591144e-06
9.704199328552931547e-06
1.072295435733394697e-05
1.184865959658054635e-05
1.309254275838611647e-05
1.446700935048284009e-05
1.598577000549994409e-05
1.766396962921135128e-05
1.951834929059259593e-05
2.156740265490952879e-05
2.383156788710039109e-05
2.633342592162080109e-05
2.909793329308740795e-05
3.215266042388975620e-05
3.552807538653723896e-05
3.925784403691068292e-05
4.337916470831260085e-05
4.793315019924193621e-05
5.296521339914761484e-05
5.852555113960988820e-05
6.466961349360644817e-05
7.145868585212156177e-05
7.896048191469162703e-05
8.724982762942090631e-05
9.640939242672175169e-05
1.065305332303978503e-04
1.177142039523459971e-04
1.300719450227916241e-04
1.437270111637189984e-04
1.588156010257080197e-04
1.754882105160504580e-04
1.939111098181456327e-04
2.142680750694125891e-04
2.367621200392022729e-04
2.616176207084208727e-04
2.890824689529836178e-04
3.194306045770645142e-04
3.529647074174135923e-04
3.900192677974700928e-04
4.309638461563736200e-04
4.762067983392626047e-04
5.261994083411991596e-04
5.814402829855680466e-04
6.424804450944066048e-04
7.099285721778869629e-04
7.844575447961688042e-04
8.668105583637952805e-04
9.578090975992381573e-04
1.058360794559121132e-03
1.169468392618000507e-03
1.292240223847329617e-03
1.427900744602084160e-03
1.577803050167858601e-03
1.743442262522876263e-03
1.926470315083861351e-03
2.128712832927703857e-03
2.352187177166342735e-03
2.599121769890189171e-03
2.871979959309101105e-03
3.173482837155461311e-03
3.506637876853346825e-03
3.874767804518342018e-03
4.281544592231512070e-03
4.731024615466594696e-03
5.227691959589719772e-03
5.776499863713979721e-03
6.382921710610389709e-03
7.053006440401077271e-03
7.793437689542770386e-03
8.611599914729595184e-03
9.515653364360332489e-03
1.051461417227983475e-02
1.161844842135906219e-02
1.283816341310739517e-02
1.418592501431703568e-02
1.567517593502998352e-02
1.732077077031135559e-02
1.913912035524845123e-02
2.114836126565933228e-02
2.336853556334972382e-02
2.582178451120853424e-02
2.853257954120635986e-02
3.152795508503913879e-02
3.483778610825538635e-02
3.849508985877037048e-02
4.234459623694419861e-02
4.619410634040832520e-02
5.004361644387245178e-02
5.389312654733657837e-02
5.774263292551040649e-02
6.159214302897453308e-02
6.544165313243865967e-02
6.929115951061248779e-02
7.314067333936691284e-02
7.699017971754074097e-02
8.083968609571456909e-02
8.661826699972152710e-02
9.239684790372848511e-02
9.817542880773544312e-02
1.039540097117424011e-01
1.097325906157493591e-01
1.155111640691757202e-01
1.212897449731826782e-01
1.270683258771896362e-01
1.328469067811965942e-01
1.386254876852035522e-01
1.444040685892105103e-01
1.501826494932174683e-01
1.559612303972244263e-01
1.617398113012313843e-01
1.675183922052383423e-01
1.732969582080841064e-01
1.790755391120910645e-01
1.848541200160980225e-01
1.906327009201049805e-01
1.964112818241119385e-01
2.021898627281188965e-01
2.079684436321258545e-01
2.137470245361328125e-01
2.195256054401397705e-01
2.253041863441467285e-01
2.310827672481536865e-01
2.368613481521606445e-01
2.426399290561676025e-01
2.484184950590133667e-01
2.541970908641815186e-01
2.599756717681884766e-01
2.657542526721954346e-01
2.715328335762023926e-01
2.773114144802093506e-01
2.830899655818939209e-01
2.888685464859008789e-01
2.946471273899078369e-01
3.004257082939147949e-01
3.062042891979217529e-01
3.119828701019287109e-01
3.177614510059356689e-01
3.235400319099426270e-01
3.293186128139495850e-01
3.350971937179565430e-01
3.408757746219635010e-01
3.466543555259704590e-01
3.524329364299774170e-01
3.582115173339843750e-01
3.639900982379913330e-01
3.697686791419982910e-01
3.755472600460052490e-01
3.813258409500122070e-01
3.871044218540191650e-01
3.928830027580261230e-01
3.986615836620330811e-01
4.044401645660400391e-01
4.102187454700469971e-01
4.159973263740539551e-01
4.217759072780609131e-01
4.275544881820678711e-01
4.333330392837524414e-01
4.391116201877593994e-01
5.451256036758422852e-01
7.607840895652770996e-01
1.061759710311889648e+00
1.481805086135864258e+00
2.068025588989257812e+00
2.886162281036376953e+00
4.027963638305664062e+00
5.621476173400878906e+00
7.845402240753173828e+00
1.094914054870605469e+01
1.528075695037841797e+01
