# bin_1
1.689276280386345711e-02
1.774756242353550326e-02
1.896359290381516294e-02
2.054085424470242921e-02
2.247934644619730207e-02
2.477906950829978500e-02
2.744002343100987798e-02
3.046220821432758102e-02
3.384562385825289760e-02
3.759027036278581729e-02
4.169614772792634705e-02
4.616325595367448686e-02
5.099159504003016041e-02
5.736771443664061970e-02
6.002420799534700230e-02
6.953016098783938725e-02
7.693841997649271403e-02
8.208548535071316654e-02
8.871645408608565264e-02
9.365549399479813908e-02
9.544902847312691785e-02
9.590824427465097224e-02
9.786785175454630614e-02
1.051520603248881636e-01
1.161805313390027877e-01
1.243717337592386285e-01
1.318190680438897922e-01
1.473467229797263134e-01
1.641270771208538093e-01
1.757637768554566882e-01
1.884268271704375719e-01
1.994742480508029103e-01
2.068757551060149136e-01
2.146084856994313894e-01
2.213924076592681534e-01
2.307043401005253458e-01
2.412355935305773580e-01
2.425025729000482022e-01
2.459889739590865321e-01
2.576623894059350550e-01
2.704927955615195612e-01
2.791007803736386683e-01
2.902575325134083561e-01
3.060350421343963068e-01
3.243894406289258292e-01
3.442191581488170948e-01
3.757104801471631839e-01
3.714523047612259821e-01
3.622932026667328165e-01
3.902339479929763377e-01
4.626940929106229672e-01
5.589124324353238471e-01
6.661955422160881213e-01
7.509439287429525711e-01
7.045736861767685211e-01
7.351270556760410857e-01
8.753811976526403305e-01
1.019942626759153370e+00
1.123120605140873529e+00
1.275999682171003347e+00
1.447032707485538250e+00
1.632573200166063554e+00
1.815843077057835542e+00
2.007671828739974629e+00
2.214146488415349889e+00
2.390277375385204461e+00
2.504429896588469706e+00
2.525254565551726227e+00
2.541681281805245440e+00
2.533721063738561430e+00
2.466205991848789747e+00
2.345083414426742952e+00
2.292560106614988324e+00
2.286504498366530580e+00
2.271558329369492757e+00
2.282707758390145170e+00
2.278237897829316960e+00
2.154271043437791633e+00
1.997383643525085350e+00
2.061695188036546167e+00
2.076979085060489005e+00
1.970309194736223235e+00
1.941435801035570563e+00
1.987968250725813846e+00
2.023991667479190237e+00
2.049442303885765426e+00
2.074645285417240359e+00
2.090004249959257265e+00
2.067645174777743122e+00
1.987072896137960898e+00
1.858833437305201119e+00
1.717064094306756994e+00
1.614867841280519523e+00
1.479230179253828270e+00
1.320992647264927600e+00
1.193433950659164244e+00
1.113825016666314616e+00
1.033029155224699291e+00
9.593279159125620570e-01
9.086937677441091488e-01
8.059651862783189236e-01
6.545295729335751655e-01
5.522740942981591017e-01
4.738769652754631356e-01
3.377506278737037460e-01
2.482292729038645951e-01
2.502600629392153220e-01
2.131428314372386390e-01
1.806856398278423315e-01
1.522472341186666966e-01
1.380273972132148308e-01
1.226649782234553593e-01
1.129332442407854908e-01
1.195090448921717896e-01
1.239918850166334685e-01
1.237834251726129958e-01
1.173395421892547419e-01
1.113418480829974910e-01
1.021487673070376467e-01
9.120923101339807604e-02
8.202253552062778452e-02
7.451786758382224207e-02
6.810566680835730691e-02
6.274399735948334167e-02
5.793551886631203435e-02
5.190970474405648405e-02
4.403479247393302792e-02
3.699502400568311505e-02
3.179725549085169606e-02
2.824704154053207447e-02
2.664456638901837801e-02
2.224475763669313266e-02
1.846787840629029315e-02
1.681204670217268174e-02
1.688214772559554211e-02
1.650511768214474664e-02
1.597549985534150313e-02
1.651715678870472118e-02
1.852781632184015773e-02
2.281150717917697010e-02
2.606852497379600481e-02
2.789391446658004078e-02
2.912238223559396322e-02
2.976236990765295659e-02
2.968951208423675422e-02
2.901491012186741339e-02
2.789676808503273320e-02
2.647330755571255384e-02
2.477034294569231687e-02
2.292942022982270497e-02
2.097576702507751925e-02
1.896659692396168370e-02
1.731638852690453589e-02
1.601698277807730650e-02
1.476841561918261492e-02
1.344783261107210422e-02
1.214018157004669203e-02
1.111670757281968923e-02
1.043157257864416737e-02
9.691711155801240388e-03
9.028433132162573191e-03
8.624051991333999898e-03
8.480548918027673924e-03
8.470201622537724614e-03
8.376715957826024947e-03
8.268559753964677128e-03
8.090460322513908648e-03
7.756811512119399579e-03
7.312821610529342958e-03
6.867651887452944255e-03
6.449963999511433219e-03
6.077205939726862752e-03
5.796929954083340254e-03
5.684157283294809931e-03
5.754894409578288801e-03
6.149263006386374367e-03
6.788181913498944793e-03
7.259462865901338859e-03
7.457299741909088550e-03
7.453804276048311452e-03
7.258316737120904145e-03
6.892183962215195185e-03
6.372585790327131051e-03
5.734768174323197701e-03
5.056135652004219508e-03
4.432247372074093160e-03
3.924227125047041916e-03
3.577817644012992303e-03
3.216945237428433819e-03
2.892380774463354509e-03
2.605682091503743608e-03
2.363681292768646421e-03
2.170026480701821043e-03
2.001565379254661818e-03
1.924108647621117869e-03
1.920513533844994897e-03
2.020015793402810036e-03
2.190630763889487524e-03
2.377491629747928090e-03
2.520804835547037562e-03
2.593802538914670355e-03
2.566153909228449312e-03
2.538549534301715906e-03
2.478559730993204306e-03
2.437854989198485860e-03
2.399379017314917390e-03
2.340996084903344040e-03
2.267689829961604901e-03
2.178384016665835601e-03
2.086967602752116784e-03
1.999833557357009409e-03
1.932197720789879470e-03
1.880326831974033592e-03
1.838608777724026495e-03
1.792617468818795022e-03
1.732210468990194423e-03
1.633639817680818986e-03
1.492705998658383623e-03
1.371165582610478668e-03
1.246647105362933255e-03
1.169264428672233064e-03
1.100401300633760925e-03
1.033708689331434318e-03
9.676503931550152916e-04
9.099110952243593320e-04
8.629535757969635651e-04
8.845320683133390833e-04
9.458067911395558755e-04
1.093600227055691867e-03
1.231937422300376532e-03
1.340488437298638846e-03
1.426156558259310996e-03
1.481999733460273323e-03
1.509922166531342015e-03
1.505949910386467734e-03
1.470422804700402108e-03
1.407309540342045230e-03
1.323188423665635225e-03
1.233747836354336146e-03
1.136855734476932382e-03
1.038970880651739637e-03
9.548672243216375227e-04
9.022418685006969481e-04
8.788064652369656938e-04
9.224877557992804122e-04
9.897146472271920251e-04
1.064834540058985125e-03
1.123793766917616536e-03
1.175946398864690387e-03
1.223273797769051539e-03
1.284779928023377545e-03
1.379057857674384361e-03
1.459149461301579047e-03
1.484317541411196663e-03
1.472450303118849396e-03
1.423183653621452275e-03
1.341260043521022875e-03
1.234141509406868915e-03
1.113789068763541097e-03
1.004831375160673661e-03
9.168034579488018154e-04
8.455256341168184819e-04
7.906497717762929782e-04
7.422609087900408457e-04
7.160241888483071101e-04
7.128226042273178107e-04
7.328958606167631932e-04
7.632273097024267925e-04
8.145491086746089408e-04
8.450505229132530306e-04
8.851496039212196788e-04
9.433977009087025044e-04
1.018374670051441907e-03
1.106159246733111378e-03
1.207754803429105916e-03
1.291649230581242000e-03
1.360352401881496833e-03
1.413212752990070748e-03
1.449516555213972539e-03
1.461421537364921515e-03
1.455630421606061552e-03
1.438990450157180863e-03
1.418855720041031039e-03
1.395165306003249076e-03
1.354548815910319682e-03
1.282350776574985550e-03
1.183378746925431782e-03
-1.724357572068415572e-03
-1.158785690919498113e-03
-4.025367002246255121e-04
5.443894000162086827e-04
1.681992609803003007e-03
3.010272929135757083e-03
4.529230358014471776e-03
6.238864896439141883e-03
8.139176544409777378e-03
1.023016530192637219e-02
1.251183116898892458e-02
1.498417414559743976e-02
1.764719423175191773e-02
