# te
8.292673195311082157e-01
1.009029204142389613e+00
9.881172368380236604e-01
8.637404429021330321e-01
7.046184234548398262e-01
5.501911648143424927e-01
4.226488600025430920e-01
3.299241636933087918e-01
2.708558210828223567e-01
2.404694992992219282e-01
2.312985453657440127e-01
2.356165237503430598e-01
2.463300605616802474e-01
2.586006568491092117e-01
2.689651484004628723e-01
2.772065599614327303e-01
2.842045765002141344e-01
2.919794941597402826e-01
3.022448210132013813e-01
3.143456936629526743e-01
3.273646142662154368e-01
3.417008474022417142e-01
3.576079362124753303e-01
3.734393703203459647e-01
3.873884702664390223e-01
3.989075863396195354e-01
4.077851864865142950e-01
4.138952084897148942e-01
4.172067303353966250e-01
4.179838630817130363e-01
4.167206061667496630e-01
4.145347845996262270e-01
4.122243195217210610e-01
4.086832856876614350e-01
4.024951479603983695e-01
3.929047490697323286e-01
3.795186150757042243e-01
3.627278168029666183e-01
3.431196987950079214e-01
3.211594231062344651e-01
2.968234218347238218e-01
2.699659445894712628e-01
2.404412265028738893e-01
2.081035171839269449e-01
1.728227009677168469e-01
1.345313169064802361e-01
9.317756773174122598e-02
4.870965617502399231e-02
1.075774788994552896e-03
-4.978018613771828527e-02
-1.039315883500355892e-01
-1.614561103335138692e-01
-2.224314407525677939e-01
-2.869352393184155248e-01
-3.550156986265730064e-01
-4.266029401373720442e-01
-5.015976833401342150e-01
-5.799006187709847548e-01
-6.614123211532627611e-01
-7.460627237515230492e-01
-8.338989623696105857e-01
-9.249972418206212632e-01
-1.019433940636829572e+00
-1.117285205724938502e+00
-1.218588386708387983e+00
-1.323224312230528055e+00
-1.431034550400302141e+00
-1.541860900952225943e+00
-1.655545163620814719e+00
-1.771977663697859029e+00
-1.891243986832109369e+00
-2.013478012604019707e+00
-2.138813852219616507e+00
-2.267385964323282099e+00
-2.399271711855971656e+00
-2.534322391200640734e+00
-2.672333013726317041e+00
-2.813098822427600787e+00
-2.956414365422376456e+00
-3.102093415750980743e+00
-3.250025951266847457e+00
-3.400120016618003227e+00
-3.552284351329190848e+00
-3.706427231674009004e+00
-3.862463419442065060e+00
-4.020332460359139937e+00
-4.179981312169309682e+00
-4.341355774488792285e+00
-4.504402110184948960e+00
-4.669055464097697339e+00
-4.835206045706042843e+00
-5.002733409712690538e+00
-5.171516184318059928e+00
-5.341433460973711966e+00
-5.512364794382354383e+00
-5.684188349493261683e+00
-5.856784144260282154e+00
-6.030030806883836192e+00
-6.203807428815484748e+00
-6.377993101506789664e+00
-6.552467842911601892e+00
-6.727108891476908603e+00
-6.901797191658846309e+00
-7.076409981904403068e+00
-7.250827743418572169e+00
-7.424929567652915452e+00
-7.598594546058994759e+00
-7.771700843586086371e+00
-7.944128014936895354e+00
-8.115752372056123320e+00
-8.286432623345021398e+00
-8.456026087451409268e+00
-8.624389156520821942e+00
-8.791378222698792655e+00
-8.956851531135429312e+00
-9.120663620971692254e+00
-9.282670884353112939e+00
-9.442732492932087496e+00
-9.600702059347289818e+00
-9.756437828748824259e+00
-9.909796193282227605e+00
-1.006063354509303309e+01
-1.020880627632677218e+01
-1.035417077912898165e+01
-1.049658344564519297e+01
-1.063590159452322759e+01
-1.077198161790862052e+01
-1.090468083444918967e+01
-1.103385378328589539e+01
-1.115936241557799491e+01
-1.128108258001904574e+01
-1.139889383131175293e+01
-1.151267665066110801e+01
-1.162230873976524492e+01
-1.172767243283372807e+01
-1.182864635806697784e+01
-1.192511007016769931e+01
-1.201694405034088398e+01
-1.210402785328924047e+01
-1.218624103371547207e+01
-1.226346407282457207e+01
-1.233557652531924553e+01
-1.240245701939991285e+01
-1.246398788927613843e+01
-1.252004683664605444e+01
-1.257051434271465418e+01
-1.261526996218464447e+01
-1.265419417626101684e+01
-1.268716561314418811e+01
-1.271407587206659606e+01
-1.273485731836129808e+01
-1.274945436189108072e+01
-1.275781048601644585e+01
-1.275986917409789179e+01
-1.275557298299363218e+01
-1.274486724906874180e+01
-1.272769545568372251e+01
-1.270399923319449798e+01
-1.267372484446843117e+01
-1.263681577286602220e+01
-1.259321364874319649e+01
-1.254286380846503057e+01
-1.248570973539202278e+01
-1.242169491288467320e+01
-1.235076189780119726e+01
-1.227285695300895441e+01
-1.218792078236158360e+01
-1.209589872222416140e+01
-1.199673518245947434e+01
-1.189037271992573430e+01
-1.177675389148115670e+01
-1.165582495999310098e+01
-1.152752755581749611e+01
-1.139180516231483864e+01
-1.124861516037993603e+01
-1.109795755001278650e+01
-1.093984530224540563e+01
-1.077429231461209724e+01
-1.060131248464716514e+01
-1.042091693037805022e+01
-1.023311954933905810e+01
-1.003793423906449078e+01
-9.835373970586363868e+00
-9.625450788434408267e+00
-9.408179516645212459e+00
-9.183572199748507359e+00
-8.951642735278594998e+00
-8.712403167765204515e+00
-8.465866468240355047e+00
-8.212047460740633298e+00
-7.950959116298055740e+00
-7.682612552940066841e+00
-7.407023057954400080e+00
-7.124202212619639596e+00
-6.834164840972377419e+00
-6.536922524291198577e+00
-6.232489623361549214e+00
-5.920878182713159354e+00
-5.602102099880332808e+00
-5.276197045201112878e+00
-4.943291339242233740e+00
-4.603535075374169061e+00
-4.257079273469680736e+00
-3.904074026899243322e+00
-3.544671050412332214e+00
-3.179019974128279191e+00
-2.807272049545417314e+00
-2.429577601659792307e+00
-2.046087418718594009e+00
-1.656952520594584310e+00
-1.262323232283808494e+00
-8.623502262206707014e-01
-4.571841458863782348e-01
-4.697580486216752088e-02
3.681242004196983997e-01
7.879651794290680744e-01
1.212396571925173916e+00
1.641267531754433406e+00
2.074427502295228987e+00
2.511725695300370376e+00
2.953011554148240236e+00
3.398134522217220788e+00
3.846943811260122192e+00
4.299288864655326670e+00
4.755018199278929103e+00
5.213982416637170658e+00
5.676030033606146219e+00
6.141010956815382116e+00
6.608773239889828233e+00
7.079168179212443235e+00
7.552043828408177006e+00
8.027250094106555878e+00
8.504635029932529733e+00
8.984049932269057237e+00
9.465341928238801827e+00
9.948362777475864505e+00
1.043295868060062048e+01
1.091898232374945721e+01
1.140628176054732812e+01
1.189470597112146955e+01
1.238410393559912137e+01
1.287432648711209460e+01
1.336522075278305621e+01
1.385663756574381722e+01
1.434842590612161750e+01
1.484043568054598161e+01
1.533251494264186299e+01
1.582451452554107085e+01
1.631628340937084687e+01
1.680766316224013224e+01
1.729847589570984923e+01
1.778853445631804675e+01
1.827764983759819728e+01
1.876563859209750618e+01
1.925231356635401880e+01
1.973748945991036408e+01
2.022097541329543802e+01
2.070258983206101533e+01
2.118214185673600269e+01
2.165944989287216771e+01
2.213432493400298640e+01
2.260658167967108412e+01
2.307603112340993690e+01
2.354248981776674654e+01
2.400576875627498552e+01
2.446568263847727565e+01
2.492204431091167294e+01
2.537467032612537565e+01
2.582336982464727981e+01
2.626795935902459078e+01
2.670825177579535392e+01
2.714405806849304881e+01
2.757519664266944659e+01
2.800147849185801974e+01
2.842271646259682427e+01
2.883872340142390911e+01
2.924931586088647251e+01
2.965430483451798693e+01
3.005350687486565775e+01
3.044673112245838098e+01
3.083379412984335488e+01
3.121451059656320837e+01
3.158869151615141746e+01
3.195614973514602752e+01
3.231669624708052169e+01
3.267015316351581333e+01
3.301633147798537493e+01
3.335503847801355448e+01
3.368609627516124760e+01
3.400931215695280230e+01
3.432450082293083682e+01
3.463147326662881653e+01
3.493005159960767969e+01
3.522003940338259298e+01
3.550125878951448044e+01
3.577352075153682165e+01
3.603663257697394329e+01
3.629041637738676229e+01
3.653467944029961245e+01
3.676926611332829253e+01
3.699412821835389309e+01
3.720923610730322650e+01
3.741457495613970252e+01
3.761011882279929353e+01
3.779584547122711058e+01
3.797172895935911896e+01
3.813775446315873552e+01
3.829389233455277974e+01
3.844012774950465428e+01
3.857643105994118571e+01
3.870277632379833221e+01
3.881915242304866354e+01
3.892553341562814495e+01
3.902188965346358884e+01
3.910820631251840496e+01
3.918445745072856568e+01
3.925062083203918917e+01
3.930667422039538650e+01
3.935259537974226873e+01
3.938836207402495404e+01
3.941394836117941480e+01
3.942933941716905366e+01
3.943450559392069010e+01
3.942942465537944940e+01
3.941407807149958131e+01
3.938844360622620400e+01
3.935249161148613695e+01
3.930621096925194990e+01
3.924956832544129526e+01
3.918254885601759696e+01
3.910511920689852161e+01
3.901727196606577763e+01
3.891897748544618452e+01
3.881020982297570754e+01
3.869095044860861066e+01
3.856117342028085204e+01
3.842086020794670986e+01
3.826998486954214229e+01
3.810853258103056618e+01
3.793646998832964101e+01
3.775378226740279075e+01
3.756044347618597357e+01
3.735642767261516184e+01
3.714172003265375821e+01
3.691629461423773506e+01
3.668012918131221056e+01
3.643320149782230288e+01
3.617548562170396309e+01
3.590696302291146935e+01
3.562764481947225903e+01
3.533766442771563732e+01
3.503720344208984017e+01
3.472642492699735328e+01
3.440550677087725973e+01
3.407462315615949677e+01
3.373393714724655013e+01
3.338363404459579442e+01
3.302387320660057668e+01
3.265483993371827154e+01
3.227669729035136470e+01
3.188961575292065476e+01
3.149378062188350569e+01
3.108934754962411517e+01
3.067650368960443785e+01
3.025541395923153232e+01
2.982625068793076295e+01
2.938918620512748703e+01
2.894439469325163827e+01
2.849205033473314685e+01
2.803232175298823137e+01
2.756538127744224553e+01
2.709140679653427242e+01
2.661056137466680482e+01
2.612302475328349516e+01
2.562896926180970070e+01
2.512856352366163648e+01
2.462198172126923623e+01
2.410939803706243012e+01
2.359098109445743319e+01
2.306690507588417560e+01
2.253734231076802175e+01
2.200246512853432890e+01
2.146244585860845433e+01
2.091745868342033532e+01
2.036767407939075269e+01
1.981326437594507084e+01
1.925440190250864703e+01
1.869125898850683853e+01
1.812400981636958264e+01
1.755282486251766372e+01
1.697787830938101550e+01
1.639933878037584947e+01
1.581738416394124869e+01
1.523218215699113287e+01
1.464390694195543929e+01
1.405273084825952701e+01
1.345882713183104151e+01
1.286236719559305719e+01
1.226352244246864487e+01
1.166247261390146051e+01
1.105942431990147767e+01
1.045458694998552929e+01
9.848173599679601153e+00
9.240394585002812633e+00
8.631461148476571310e+00
8.021587312129149439e+00
7.410981538975091709e+00
6.799856461289238041e+00
6.188424711346428353e+00
5.576896605165782006e+00
4.965484311770996584e+00
4.354399073683478782e+00
3.743852596675781630e+00
3.134056123269313154e+00
2.525221590862197107e+00
1.917560126163056156e+00
1.311283782382799634e+00
7.066036283236574178e-01
1.037314276645740774e-01
-4.971213454474699978e-01
-1.095743101052708779e+00
-1.691922422910555168e+00
-2.285447431529278095e+00
-2.876107000200255559e+00
-3.463689423150934754e+00
-4.047982994608764429e+00
-4.628776240426764943e+00
-5.205857918083526492e+00
-5.779016321806497380e+00
-6.348039745823126800e+00
-6.912716947612005391e+00
-7.472835758149438234e+00
-8.028185861416302416e+00
-8.578554161886618346e+00
-9.123730343541263110e+00
-9.663502237356539126e+00
-1.019765860081104059e+01
-1.072598726488107346e+01
-1.124827791354751128e+01
-1.176431837778666356e+01
-1.227389648857483273e+01
-1.277680100339060942e+01
-1.327282160621487428e+01
-1.376174520152164327e+01
-1.424336054678950880e+01
-1.471745639949706330e+01
-1.518382151712289563e+01
-1.564224373064331353e+01
-1.609251272403919231e+01
-1.653444134384858444e+01
-1.696795176387939108e+01
-1.739299210000354989e+01
-1.780950861508841854e+01
-1.821744942500593112e+01
-1.861676079262345240e+01
-1.900739083381291294e+01
-1.938928766444625040e+01
-1.976239940039539889e+01
-2.012667045152314671e+01
-2.048205263971057022e+01
-2.082848852181589194e+01
-2.116592806671561533e+01
-2.149431753727710159e+01
-2.181360504937228484e+01
-2.212374057187767562e+01
-2.242466666165148936e+01
-2.271633514057480241e+01
-2.299869041851040308e+01
-2.327168061133023258e+01
-2.353525383490621792e+01
-2.378935635210572386e+01
-2.403393813180526095e+01
-2.426894358386761397e+01
-2.449432082416471346e+01
-2.471001796856850063e+01
-2.491598313295090961e+01
-2.511216258017929803e+01
-2.529850442612560357e+01
-2.547495678666176033e+01
-2.564146407165055308e+01
-2.579797624996849237e+01
-2.594443958448294296e+01
-2.608080404407040476e+01
-2.620701218558910028e+01
-2.632301768392467878e+01
-2.642875938992620632e+01
-2.652419283148391926e+01
-2.660926241846059881e+01
-2.668391626672818262e+01
-2.674810249215860480e+01
-2.680176365161007723e+01
-2.684485341996825980e+01
-2.687731435409136083e+01
-2.689909642285589086e+01
-2.691014959513836047e+01
-2.691041457479240862e+01
-2.689984503670369165e+01
-2.687838353773041788e+01
-2.684598189975367788e+01
-2.680261788671858270e+01
-2.674840267889955570e+01
-2.668349007567621811e+01
-2.660802275840075382e+01
-2.652214896743906536e+01
-2.642601138414332240e+01
-2.631976010188401105e+01
-2.620354336102702320e+01
-2.607750569592911560e+01
-2.594179349395161438e+01
-2.579655314245584563e+01
-2.564193473481228835e+01
-2.547808095237311576e+01
-2.530514188850880686e+01
-2.512326207757611130e+01
-2.493258975994093518e+01
-2.473327132296459752e+01
-2.452545315400843151e+01
-2.430928349343833617e+01
-2.408490687561106469e+01
-2.385246968788793964e+01
-2.361212202363944357e+01
-2.336400841722232258e+01
-2.310827710900248277e+01
-2.284507263333667382e+01
-2.257454137758622537e+01
-2.229683343512160931e+01
-2.201209334029957887e+01
-2.172046933348603304e+01
-2.142210594903773213e+01
-2.111715142732056805e+01
-2.080575215569587400e+01
-2.048805637452954898e+01
-2.016420676517377331e+01
-1.983435527400358822e+01
-1.949864643537575759e+01
-1.915722663665160042e+01
-1.881024411819702280e+01
-1.845784341436877440e+01
-1.810017091252818133e+01
-1.773737670604571903e+01
-1.736960532927814427e+01
-1.699700316958677959e+01
-1.661971846733752756e+01
-1.623789946289628716e+01
-1.585168698461066583e+01
-1.546123390535799835e+01
-1.506668568599732438e+01
-1.466818686088539714e+01
-1.426588659689040561e+01
-1.385993961989425571e+01
-1.345054049537719365e+01
-1.303789861285605411e+01
-1.262221687633166489e+01
-1.220370004280942489e+01
-1.178255379579702122e+01
-1.135898381880214103e+01
-1.093319486883018499e+01
-1.050539262938884200e+01
-1.007578278398579563e+01
-9.644569163124161904e+00
-9.211958376813914384e+00
-8.778156108562740201e+00
-8.343365262371465363e+00
-7.907794301254638114e+00
-7.471646129213085352e+00
-7.035126429754494204e+00
-6.598441349637694131e+00
-6.161796109119230813e+00
-5.725395465204504042e+00
-5.289444638150055944e+00
-4.854148848212432199e+00
-4.419714242150463157e+00
-3.986345576969548166e+00
-3.554247378049516293e+00
-3.123626023774769944e+00
-2.694686502776281412e+00
-2.267633803685022542e+00
-1.842673494195894213e+00
-1.420010678752655187e+00
-9.998508092374202016e-01
-5.823991059067333831e-01
-1.678608179703349745e-01
2.435587185024455925e-01
6.516542253486715675e-01
1.056220482311799103e+00
1.457052008556516398e+00
1.853943699639065468e+00
2.246690451115688436e+00
2.635086463665912149e+00
3.018926864471550342e+00
3.398006201650487945e+00
3.772119486571753111e+00
4.141060804102085768e+00
4.504625397236086570e+00
4.862607814091640002e+00
5.214803297663345383e+00
5.561005237941229140e+00
5.901009804422177041e+00
6.234610850347359623e+00
6.561625391515116590e+00
6.881958924692187729e+00
7.195538719449052323e+00
7.502292971858477877e+00
7.802148024988656339e+00
8.095032074912355213e+00
8.380872854451197895e+00
8.659598096426808667e+00
8.931133680656234475e+00
9.195409192965676937e+00
9.452351439674467670e+00
9.701886300599660728e+00
9.943944288069737070e+00
1.017845035539946075e+01
1.040533316191274160e+01
1.062452044043120303e+01
1.083593899727418197e+01
1.103951656526330183e+01
1.123518087722018599e+01
1.142285966596645785e+01
1.160247973782145436e+01
1.177396882560679714e+01
1.193725373564182490e+01
1.209226405375273394e+01
1.223892565975657476e+01
1.237716628647496897e+01
1.250691366672953997e+01
1.262809460683962648e+01
1.274063776612913834e+01
1.284447087741969717e+01
1.293951982052835348e+01
1.302571325477901887e+01
1.310297891299331496e+01
1.317124267498829226e+01
1.323043412659014706e+01
1.328048007411821807e+01
1.332130639738955225e+01
1.335284268223034942e+01
1.337501573495994300e+01
1.338775421490224637e+01
1.339098307537202182e+01
1.338463190219546384e+01
1.336862750169191116e+01
1.334289760668298719e+01
1.330736902348802886e+01
1.326196948492865779e+01
1.320662765032878561e+01
1.314127032600774747e+01
1.306582524478717033e+01
1.298021921298638581e+01
1.288441146450477603e+01
1.277849094356187720e+01
1.266257716895269958e+01
1.253679058597453633e+01
1.240125071342239593e+01
1.225607707009128333e+01
1.210139102778078168e+01
1.193731117878361125e+01
1.176395889489935342e+01
1.158145276842073024e+01
1.138991324464503130e+01
1.118946076886955510e+01
1.098021485988930834e+01
1.076229503649929775e+01
1.053582174399681648e+01
1.030091542767916124e+01
1.005769560634133875e+01
9.806282725280642154e+00
9.546796303292079955e+00
9.279355859170658860e+00
9.004081838213673805e+00
8.721094685718419726e+00
8.430513920479901557e+00
8.132459061293129565e+00
7.827050553455396908e+00
7.514408379012854411e+00
7.194653446513939343e+00
6.867904348251372859e+00
6.534281066271305782e+00
6.193904509122175384e+00
5.846893732347846040e+00
5.493369181245612687e+00
5.133451301112768483e+00
4.767259610744321030e+00
4.394913628935278815e+00
4.016533800982934999e+00
3.632240108933440847e+00
3.242152534832947186e+00
2.846391060727605282e+00
2.445075668663565072e+00
2.038326109061406655e+00
1.626262595592852023e+00
1.209005110304052444e+00
7.866734615219795890e-01
3.593877181523739139e-01
-7.273210880541716716e-02
-5.095660662584393652e-01
-9.509942011137382245e-01
-1.396896531325162893e+00
-1.847153016940169756e+00
-2.301631341850913337e+00
-2.760149448358022450e+00
-3.222512770981252217e+00
-3.688526744240358202e+00
-4.157996802655095081e+00
-4.630728380745218864e+00
-5.106527607907200839e+00
-5.585199455409650682e+00
-6.066549357772325735e+00
-6.550382286263836562e+00
-7.036505065157370176e+00
-7.524722665721537140e+00
-8.014839595973807462e+00
-8.506662216936222265e+00
-8.999996889630823560e+00
-9.494647195572794018e+00
-9.990419495784173876e+00
-1.048712015128700870e+01
-1.098455274359647760e+01
-1.148252548673919549e+01
-1.198084103572806036e+01
-1.247930667808739891e+01
-1.297772692183468202e+01
-1.347590720148966170e+01
-1.397365387807438175e+01
-1.447077238610859773e+01
-1.496706816011206520e+01
-1.546234570810225328e+01
-1.595641139110120221e+01
-1.644906971712638111e+01
-1.694012890020440665e+01
-1.742939066884589039e+01
-1.791666231057515191e+01
-1.840175111291652854e+01
-1.888446065738519763e+01
-1.936459452549634364e+01
-1.984196185777886967e+01
-2.031636623574795308e+01
-2.078761494692792766e+01
-2.125550971982939785e+01
-2.171985784197669389e+01
-2.218046660089414601e+01
-2.263714143110150800e+01
-2.308968406110939142e+01
-2.353790363144669229e+01
-2.398160372362859860e+01
-2.442059162517943705e+01
-2.485467091761438851e+01
-2.528364888845778324e+01
-2.570733097222937502e+01
-2.612553742748551144e+01
-2.653815336794261626e+01
-2.694508058435828346e+01
-2.734622457349925284e+01
-2.774148527311853485e+01
-2.813076632697829993e+01
-2.851396767283156564e+01
-2.889098739542676952e+01
-2.926173655054437361e+01
-2.962611136992825323e+01
-2.998401364433599170e+01
-3.033534887053432882e+01
-3.068001698627628215e+01
-3.101791792931487279e+01
-3.134895719641683343e+01
-3.167303287233060871e+01
-3.199005230682751488e+01
-3.229991543766055884e+01
-3.260252220258276878e+01
-3.289777624535630451e+01
-3.318557750373418713e+01
-3.346582962147857643e+01
-3.373843624235163219e+01
-3.400330101011552841e+01
-3.426031645050498753e+01
-3.450939361930046090e+01
-3.475043245425496963e+01
-3.498333289312152772e+01
-3.520799857966230917e+01
-3.542433315763946666e+01
-3.563223656480602841e+01
-3.583160873891500131e+01
-3.602235702973770515e+01
-3.620437766901800813e+01
-3.637757800652721585e+01
-3.654185427400920361e+01
-3.669711382123528409e+01
-3.684325658595847131e+01
-3.698018250593178635e+01
-3.710779522491738902e+01
-3.722599838667744621e+01
-3.733469563497411770e+01
-3.743378320155127881e+01
-3.752316473017109644e+01
-3.760274386459573037e+01
-3.767242424858734751e+01
-3.773210211388981605e+01
-3.778168851628359448e+01
-3.782107598150340522e+01
-3.785017185932056094e+01
-3.786890944157040906e+01
-3.787733690637185902e+01
-3.787554319794445945e+01
-3.786360614248030743e+01
-3.784161468419894447e+01
-3.780964664929246055e+01
-3.776779098198040430e+01
-3.771612180244571988e+01
-3.765473546692624751e+01
-3.758370609560493847e+01
-3.750312633871047296e+01
-3.741306661041666359e+01
-3.731361585494304478e+01
-3.720486672251830385e+01
-3.708688592130709338e+01
-3.695976980754726071e+01
-3.682359620743089579e+01
-3.667845035916838725e+01
-3.652441750097013795e+01
-3.636157545902823784e+01
-3.619000947155308268e+01
-3.600980477675506819e+01
-3.582104661284458302e+01
-3.562381651202287003e+01
-3.541819230048203337e+01
-3.520426662845076038e+01
-3.498212102813029389e+01
-3.475183332571273098e+01
-3.451348875940846739e+01
-3.426717627343703754e+01
-3.401296998798139981e+01
-3.375096255327024153e+01
-3.348123179549565265e+01
-3.320386295286803602e+01
-3.291894126359778028e+01
-3.262654455387697539e+01
-3.232676176792517708e+01
-3.201967073193446822e+01
-3.170536409613354678e+01
-3.138391598070536048e+01
-3.105541347686487441e+01
-3.071993996981791142e+01
-3.037758069777486014e+01
-3.002841348692781764e+01
-2.967252913450090190e+01
-2.931000546668620999e+01
-2.894092772169413408e+01
-2.856537928473049348e+01
-2.818344354100110749e+01
-2.779520202270722251e+01
-2.740075849810496322e+01
-2.700026491356938507e+01
-2.659390656955786270e+01
-2.618184467746830890e+01
-2.576426268475353254e+01
-2.534133292083888378e+01
-2.491322771514973056e+01
-2.448012680912972527e+01
-2.404219882619507587e+01
-2.359961980178029606e+01
-2.315256577131988536e+01
-2.270121277024835749e+01
-2.224573127498649683e+01
-2.178629732096880645e+01
-2.132308694362979651e+01
-2.085627247239482784e+01
-2.038602808969383062e+01
-1.991253168396588791e+01
-1.943595373163178408e+01
-1.895647026812602931e+01
-1.847425732888312666e+01
-1.798948724332843696e+01
-1.750233604689646683e+01
-1.701297606901257709e+01
-1.652158334511127435e+01
-1.602833391062706525e+01
-1.553340009498531060e+01
-1.503695608061594235e+01
-1.453917697645118068e+01
-1.404023696492095930e+01
-1.354031208145978660e+01
-1.303957558199530631e+01
-1.253820164895745393e+01
-1.203636446477616140e+01
-1.153424099138822356e+01
-1.103200170521442480e+01
-1.052982449469384818e+01
-1.002788261575413742e+01
-9.526351177327514463e+00
-9.025403435341626590e+00
-8.525214498728692192e+00
-8.025958549918644991e+00
-7.527811161094849268e+00
-7.030945124933807300e+00
-6.535536476870026590e+00
-6.041758936082296749e+00
-5.549787611502838836e+00
-5.059795295808154236e+00
-4.571958487683893679e+00
-4.086450906308848552e+00
-3.603438163966796726e+00
-3.123052287233619939e+00
-2.645416732539044080e+00
-2.170654724687224313e+00
-1.698889256856743746e+00
-1.230243901290114961e+00
-7.648418827914928997e-01
-3.028064551182290121e-01
1.557391714021200690e-01
6.106716706292117935e-01
1.061867745375900007e+00
1.509204243221020869e+00
1.952557707734847714e+00
2.391804798300440016e+00
2.826822405926427972e+00
3.257487537434229363e+00
3.683676504768545357e+00
4.105266314750792844e+00
4.522133047700100938e+00
4.934154173689030642e+00
5.341206004662283569e+00
5.743165315815704552e+00
6.139909345596282542e+00
6.531313942697575037e+00
6.917256808817714209e+00
7.297613792650258446e+00
7.672261669391051697e+00
8.041078140738228797e+00
8.403939055385343693e+00
8.760721188528245662e+00
9.111301315362776876e+00
9.455556211084783058e+00
9.793363577392398156e+00
1.012459833647688967e+01
1.044913726353410688e+01
1.076685898676446485e+01
1.107763842835923640e+01
1.138135421651884194e+01
1.167788127343454896e+01
1.196709637430220674e+01
1.224887814732223212e+01
1.252310151468589616e+01
1.278964325158904280e+01
1.304838013322751955e+01
1.329918986129945857e+01
1.354194735799612914e+01
1.377653217802023633e+01
1.400282017006534119e+01
1.422068532982042655e+01
1.443000628548591102e+01
1.463068668082395973e+01
1.482272651583457090e+01
1.500615914460007616e+01
1.518101050918450490e+01
1.534730840465646295e+01
1.550508525859599374e+01
1.565436793956941486e+01
1.579518516914762039e+01
1.592756752190607727e+01
1.605154279291339137e+01
1.616714063024274495e+01
1.627438697595816564e+01
1.637331703714655973e+01
1.646395304986280905e+01
1.654632651518467057e+01
1.662046708118532479e+01
1.668640439593794866e+01
1.674416440150657692e+01
1.679378045197353231e+01
1.683527663639828376e+01
1.686868445585857401e+01
1.689403355842759069e+01
1.691134988616936496e+01
1.692066679316622313e+01
1.692200836847762346e+01
1.691540796618589582e+01
1.690089338135964425e+01
1.687848870305833060e+01
1.684823099137342695e+01
1.681014433536439512e+01
1.676425653009983918e+01
1.671059907665751254e+01
1.664920162311059926e+01
1.658009011152312695e+01
1.650329418996827968e+01
1.641884535952380730e+01
1.632677141525832099e+01
1.622709829923584834e+01
1.611986121854329568e+01
1.600508240923554482e+01
1.588279337239035094e+01
1.575302560908546745e+01
1.561580320838035263e+01
1.547115952435733632e+01
1.531912049908044793e+01
1.515971670712515795e+01
1.499297779656464513e+01
1.481893063596522708e+01
1.463760579990237432e+01
1.444903015694240267e+01
1.425325281170651870e+01
1.405038957698058333e+01
1.384057664860076642e+01
1.362394929590095138e+01
1.340064186171273697e+01
1.317079146837458303e+01
1.293453245871808299e+01
1.269200010207712381e+01
1.244332966778559069e+01
1.218865642517736703e+01
1.192811657008862269e+01
1.166184444535095643e+01
1.138997439379596521e+01
1.111264446426439534e+01
1.082998807308555733e+01
1.054214048959333283e+01
1.024923883612618347e+01
9.951415602511131553e+00
9.648807911086635158e+00
9.341551031186577703e+00
9.029780232144844376e+00
8.713629856793033923e+00
8.393237027469602651e+00
8.068735160503861081e+00
7.740260914983124962e+00
7.407949096990135374e+00
7.071934975858776617e+00
6.732354284174076220e+00
6.389341364767631148e+00
6.043032876726756264e+00
5.693562699631906199e+00
5.341067492570394926e+00
4.985682061624964412e+00
4.627541212878354848e+00
4.266781142166736984e+00
3.903536655572853231e+00
3.537942790805014948e+00
3.170135743699393771e+00
2.800250088713159169e+00
2.428421326805767055e+00
2.054784958936673345e+00
1.679476022814190950e+00
1.302630251023347396e+00
9.243826233660626945e-01
5.448684670826140497e-01
1.642232107494664139e-01
-2.174178618228976567e-01
-5.999193799644061409e-01
-9.831462046305587954e-01
-1.366962748002310102e+00
-1.751235593750349429e+00
-2.135839316627590634e+00
-2.520649533702019607e+00
-2.905542904356696710e+00
-3.290395045659606943e+00
-3.675081806304309584e+00
-4.059479961486649913e+00
-4.443465591525756153e+00
-4.826914313489616859e+00
-5.209702902574075090e+00
-5.591706280970403675e+00
-5.972801687125590675e+00
-6.352864506482050366e+00
-6.731771050984485250e+00
-7.109398095828739272e+00
-7.485620099954942042e+00
-7.860314765061223063e+00
-8.233357939841141615e+00
-8.604625009737114638e+00
-8.973991823442696969e+00
-9.341336082656020778e+00
-9.706532709568360673e+00
-1.006945847937555705e+01
-1.042998831426888628e+01
-1.078799898944418878e+01
-1.114336635359502559e+01
-1.149596718191724065e+01
-1.184567732310439148e+01
-1.219237262585003911e+01
-1.253592986535002574e+01
-1.287622303729333595e+01
-1.321313076988039015e+01
-1.354652798530245938e+01
-1.387629053225310116e+01
-1.420229611243044587e+01
-1.452441779502119523e+01
-1.484253420822576430e+01
-1.515652212723999881e+01
-1.546625462125059691e+01
-1.577160939195569078e+01
-1.607246321455112437e+01
-1.636869193773045694e+01
-1.666016955718267667e+01
-1.694677562761048151e+01
-1.722838414470285784e+01
-1.750487281015794139e+01
-1.777611376666014209e+01
-1.804198656891216146e+01
-1.830236891861213877e+01
-1.855713110543990041e+01
-1.880617306714847459e+01
-1.904946144965552790e+01
-1.928698328192904299e+01
-1.951872373993242960e+01
-1.974467355864282325e+01
-1.996481976702820660e+01
-2.017914568804741293e+01
-2.038764020367300134e+01
-2.059028848986838156e+01
-2.078708128161068558e+01
-2.097800560786789248e+01
-2.116304664460341911e+01
-2.134218956778067522e+01
-2.151542511237678568e+01
-2.168273660135059089e+01
-2.184411476967921928e+01
-2.199954294032151125e+01
-2.214901370125916813e+01
-2.229250852244645742e+01
-2.243001628585592755e+01
-2.256152587346014471e+01
-2.268702060821794220e+01
-2.280649122510644844e+01
-2.291992290008907673e+01
-2.302730266213380972e+01
-2.312861939321320648e+01
-2.322385826929067321e+01
-2.331300631933419609e+01
-2.339605057231175778e+01
-2.347297805719134089e+01
-2.354377765594550809e+01
-2.360843454453766554e+01
-2.366693575193579591e+01
-2.371927016011245826e+01
-2.376542109202648589e+01
-2.380537928265501435e+01
-2.383913176096602626e+01
-2.386666370292293138e+01
-2.388796028448913944e+01
-2.390301409364635177e+01
-2.391180660034883587e+01
-2.391432853957372018e+01
-2.391056694028899088e+01
-2.390050697845805772e+01
-2.388413568304889978e+01
-2.386144008302950681e+01
-2.383241091337700368e+01
-2.379702964404565790e+01
-2.375528515700802856e+01
-2.370716818724124053e+01
-2.365267873474529736e+01
-2.359188906669857388e+01
-2.352488998032518808e+01
-2.345177041984467436e+01
-2.337261932947658138e+01
-2.328752935944958935e+01
-2.319658389496952111e+01
-2.309987558626506399e+01
-2.299749337755575596e+01
-2.288952806606571500e+01
-2.277606674300990619e+01
-2.265719835260787107e+01
-2.253301554508829696e+01
-2.240360355866157605e+01
-2.226905319055181920e+01
-2.212945523798314795e+01
-2.198489679217052384e+01
-2.183547050334263773e+01
-2.168126160970987826e+01
-2.152236090849636341e+01
-2.135885919692620405e+01
-2.119084356621437237e+01
-2.101840481358497925e+01
-2.084163188325756266e+01
-2.066061371945166414e+01
-2.047543926638682876e+01
-2.028619932128716385e+01
-2.009298282837221450e+01
-1.989587873186152223e+01
-1.969497412297004857e+01
-1.949036165192648440e+01
-1.928213026295036769e+01
-1.907036704725667065e+01
-1.885516280206950412e+01
-1.863660647160840611e+01
-1.841478885309749458e+01
-1.818979703775173462e+01
-1.796172182279523710e+01
-1.773065029944297777e+01
-1.749667511792363328e+01
-1.725988336945217938e+01
-1.702036585125272694e+01
-1.677820965454024105e+01
-1.653350557653883612e+01
-1.628634256146805726e+01
-1.603681140655201176e+01
-1.578499920300567005e+01
-1.553099674805314656e+01
-1.527489205941169281e+01
-1.501677593430542501e+01
-1.475673824345616936e+01
-1.449488182861777119e+01
-1.423131509055779276e+01
-1.396613994452779117e+01
-1.369946015878389822e+01
-1.343138413409367793e+01
-1.316201563871326208e+01
-1.289145844089877890e+01
-1.261982001491550776e+01
-1.234720227601500575e+01
-1.207371362496483869e+01
-1.179945597701656013e+01
-1.152453680643544942e+01
-1.124906080797992480e+01
-1.097313174990611628e+01
-1.069685525347472854e+01
-1.042033693994646448e+01
-1.014368057757745589e+01
-9.866993640632980345e+00
-9.590378044364593180e+00
-9.313941263037575524e+00
-9.037787064908055612e+00
-8.762021071236736347e+00
-8.486747050279753068e+00
-8.212071549800091574e+00
-7.938100191058458321e+00
-7.664936279059840984e+00
-7.392685435064943356e+00
-7.121452817083326003e+00
-6.851343583124549497e+00
-6.582462891198174404e+00
-6.314914972811475735e+00
-6.048806375727444617e+00
-5.784240404951066061e+00
-5.521323144994190635e+00
-5.260159753866376242e+00
-5.000854463074898781e+00
-4.743512893880462045e+00
-4.488240204292626601e+00
-4.235141089069810683e+00
-3.984320706221573527e+00
-3.735884445383048202e+00
-3.489936538061509275e+00
-3.246582605517660536e+00
-3.005927805761062555e+00
-2.768076833550133120e+00
-2.533134615268861189e+00
-2.301206772177950999e+00
-2.072397767410248282e+00
-1.846813106413670802e+00
-1.624545786855264851e+00
-1.405642712913303116e+00
-1.190138744236329815e+00
-9.780690879112463598e-01
-7.694686614929892032e-01
-5.643724404428882568e-01
-3.628155160350590158e-01
-1.648329071606259022e-01
2.954039805205796801e-02
2.202693752831438589e-01
4.073190110702317179e-01
5.906542412828276190e-01
7.702401483659949699e-01
9.460416410456180536e-01
1.118023628047581486e+00
1.286151249723341161e+00
1.450389414798781695e+00
1.610703031999787482e+00
1.767057241677814972e+00
1.919416836745962307e+00
2.067746957555685938e+00
2.212012397020084453e+00
2.352178295490613635e+00
2.488209677505944573e+00
2.620071567604746576e+00
2.747728527074547511e+00
2.871146043705160356e+00
2.990288910409684142e+00
3.105121920101217459e+00
3.215610328944001672e+00
3.321718929851136259e+00
3.423413210612434643e+00
3.520657037638708520e+00
3.613416825222058204e+00
3.701656208147724225e+00
3.785340905831091618e+00
3.864435711185259414e+00
3.938905880374468982e+00
4.008715974686247741e+00
4.073831481910409558e+00
4.134216731708908910e+00
4.189837443497131275e+00
4.240657946937033351e+00
4.286643498192854729e+00
4.327758890177696216e+00
4.363969379055798292e+00
4.395239757740259989e+00
4.421535745646467674e+00
4.442821209185232156e+00
4.459060941269651579e+00
4.470235948602845788e+00
4.476382364774003086e+00
4.477553000413474926e+00
4.473798349895896642e+00
4.465172613605050245e+00
4.451725822664428733e+00
4.433510324453238560e+00
4.410578003099546507e+00
4.382981669233704025e+00
4.350772280481489673e+00
4.314002184222112568e+00
4.272723264583637715e+00
4.226986942442986006e+00
4.176846491681653895e+00
4.122352406674276715e+00
4.063557034800061807e+00
4.000512723438219176e+00
3.933270893465669271e+00
3.861883660636050486e+00
3.786403603954142216e+00
3.706881217794579797e+00
3.623369776038858792e+00
3.535920699563900982e+00
3.444585872497771373e+00
3.349416947342963802e+00
3.250466503104258553e+00
3.147785960658576965e+00
3.041427667385128597e+00
2.931443044160834788e+00
2.817884438364903765e+00
2.700803502499829811e+00
2.580252120693677931e+00
2.456282871951228408e+00
2.328946945523831413e+00
2.198296688790695619e+00
2.064383754254313974e+00
1.927260141855538622e+00
1.786977967348005958e+00
1.643588999046995403e+00
1.497145121080571961e+00
1.347698449202372917e+00
1.195300751727677691e+00
1.040004028597337093e+00
8.818601639394166858e-01
7.209211576947672784e-01
5.572388939914543204e-01
3.908652859107393240e-01
2.218522899636788392e-01
5.025184094643187632e-02
-1.238841408214407525e-01
-3.004983062960410733e-01
-4.795116060127205260e-01
-6.608396269271854528e-01
-8.443979704717405887e-01
-1.030102035406315064e+00
-1.217867567929195927e+00
-1.407610024706705376e+00
-1.599244978217951640e+00
-1.792688000942042947e+00
-1.987854433732515247e+00
-2.184660196506834851e+00
-2.383020630118537486e+00
-2.582851422859517854e+00
-2.784068031396097709e+00
-2.986585912394599696e+00
-3.190320754146917182e+00
-3.395188013319373255e+00
-3.601103609829432894e+00
-3.807982537092275521e+00
-4.015740715025366114e+00
-4.224293600295028206e+00
-4.433556649567582220e+00
-4.643446014386067411e+00
-4.853875993288946589e+00
-5.064763201070400456e+00
-5.276022862771180044e+00
-5.487570666683178722e+00
-5.699322301098290744e+00
-5.911192527806123920e+00
-6.123098424852001287e+00
-6.334953827523244207e+00
-6.546674887362889272e+00
-6.758177755913974849e+00
-6.969377658217250193e+00
-7.180189819313467225e+00
-7.390530390745662537e+00
-7.600314134303443048e+00
-7.809457201529846238e+00
-8.017874817465623138e+00
-8.225482670402668006e+00
-8.432196448632874208e+00
-8.637931840448136001e+00
-8.842603607638061192e+00
-9.046129291499115155e+00
-9.248421800816334581e+00
-9.449397750383896621e+00
-9.648972828493699083e+00
-9.847063649939919117e+00
-1.004358312350759341e+01
-1.023844971699547379e+01
-1.043158467770917852e+01
-1.062293519501835348e+01
-1.081245864981780080e+01
-1.100010779049089216e+01
-1.118583999793243144e+01
-1.136960987353035968e+01
-1.155137201867261965e+01
-1.173108288775173058e+01
-1.190869708215563350e+01
-1.208416920327227118e+01
-1.225745477899187286e+01
-1.242851026370695600e+01
-1.259728933230317871e+01
-1.276374936567534135e+01
-1.292784218570452737e+01
-1.308952609978782888e+01
-1.324875385630861224e+01
-1.340548283616168135e+01
-1.355966856723726721e+01
-1.371126379791873973e+01
-1.386022590910090102e+01
-1.400650764916712099e+01
-1.415006825201677643e+01
-1.429085953953094901e+01
-1.442883703959986974e+01
-1.456395905962062720e+01
-1.469617742147430661e+01
-1.482544950605571010e+01
-1.495172806174820579e+01
-1.507496954294431113e+01
-1.519513040403654358e+01
-1.531216524641284593e+01
-1.542602867146115919e+01
-1.553667806007628904e+01
-1.564406523413931716e+01
-1.574814664804276099e+01
-1.584887968268142089e+01
-1.594621615993638386e+01
-1.604011346070245025e+01
-1.613052525986527641e+01
-1.621741079132423735e+01
-1.630072002395584718e+01
-1.638041033865490803e+01
-1.645643911631621847e+01
-1.652875817882086906e+01
-1.659732490706365482e+01
-1.666209482893480853e+01
-1.672302161931999009e+01
-1.678006080610942519e+01
-1.683316791719334660e+01
-1.688230959848942092e+01
-1.692749696802509618e+01
-1.696875596786440354e+01
-1.700610698105765550e+01
-1.703957409666430678e+01
-1.706918140374382276e+01
-1.709495113835108171e+01
-1.711690553654097258e+01
-1.713507239338209942e+01
-1.714947023892020539e+01
-1.716012130921016876e+01
-1.716705339932059715e+01
-1.717028874530637950e+01
-1.716984773021782829e+01
-1.716575814912354048e+01
-1.715803667906468988e+01
-1.714671482111902634e+01
-1.713180739932313656e+01
-1.711334406175020817e+01
-1.709134519145054654e+01
-1.706583487748361350e+01
-1.703683720890886732e+01
-1.700437256877661696e+01
-1.696846504614632423e+01
-1.692914058308202030e+01
-1.688642141563859056e+01
-1.684032792686634750e+01
-1.679088605882932228e+01
-1.673811990058697319e+01
-1.668204983518961626e+01
-1.662270180470127912e+01
-1.656009619217227069e+01
-1.649426079267120571e+01
-1.642521228323924021e+01
-1.635298031194956181e+01
-1.627758526185247234e+01
-1.619904936900286430e+01
-1.611739672246019595e+01
-1.603265141128392202e+01
-1.594483752453350611e+01
-1.585397544525925717e+01
-1.576008926252063347e+01
-1.566320491838166973e+01
-1.556334279589267489e+01
-1.546052698411310899e+01
-1.535478064560014388e+01
-1.524612694291095316e+01
-1.513458996510499333e+01
-1.502019194823714976e+01
-1.490295605486459429e+01
-1.478291285956279566e+01
-1.466011887897125199e+01
-1.453463526224089897e+01
-1.440652686453181630e+01
-1.427585205548807856e+01
-1.414267939627891302e+01
-1.400706540354382135e+01
-1.386907678544745792e+01
-1.372877469114075843e+01
-1.358622304928151436e+01
-1.344148300902066140e+01
-1.329461849901599635e+01
-1.314569066841844958e+01
-1.299476251938352966e+01
-1.284189798056903342e+01
-1.268715727462360654e+01
-1.253060525670733050e+01
-1.237230400247342565e+01
-1.221231558757511593e+01
-1.205070301416790457e+01
-1.188752835790501550e+01
-1.172285554744424196e+01
-1.155674573193651966e+01
-1.138926191353735540e+01
-1.122046802090454420e+01
-1.105042427668673177e+01
-1.087919553604400136e+01
-1.070684387462957332e+01
-1.053343044159438158e+01
-1.035902009209850760e+01
-1.018367304879059887e+01
-1.000745416683073685e+01
-9.830425521872141914e+00
-9.652648263065747969e+00
-9.474187245571638272e+00
-9.295103618540746737e+00
-9.115460384128578397e+00
-8.935320544490643613e+00
-8.754745248777874522e+00
-8.573799352150354380e+00
-8.392543077256728878e+00
-8.211041279257081271e+00
-8.029355107302345473e+00
-7.847548490050313852e+00
-7.665683039903066209e+00
-7.483821295764965242e+00
-7.302026259791520424e+00
-7.120360007635952115e+00
-6.938886467956053572e+00
-6.757666789902760485e+00
-6.576762122627006768e+00
-6.396222034001139534e+00
-6.216094702144077111e+00
-6.036427841923593718e+00
-5.857268704956320349e+00
-5.678665006110031221e+00
-5.500665386754787001e+00
-5.323316635256075458e+00
-5.146666466481670810e+00
-4.970763058550491387e+00
-4.795654126330310518e+00
-4.621386458186615975e+00
-4.448009158740612534e+00
-4.275569016357787078e+00
-4.104113745905914712e+00
-3.933691525503912434e+00
-3.764349838393983294e+00
-3.596136399443901510e+00
-3.429098923521440856e+00
-3.263284893868804826e+00
-3.098742256979338361e+00
-2.935518959346388179e+00
-2.773662252586584831e+00
-2.613220083193274590e+00
-2.454240166034231230e+00
-2.296770215977229856e+00
-2.140857716264472188e+00
-1.986551076640447944e+00
-1.833896969657858644e+00
-1.682943920873980037e+00
-1.533739181905442228e+00
-1.386330699245591713e+00
-1.240766187762202710e+00
-1.097093130697477825e+00
-9.553595903575486936e-01
-8.156130499846180326e-01
-6.779012244464600601e-01
-5.422718865172420077e-01
-4.087727510647382045e-01
-2.774514750503299654e-01
-1.483558022949880428e-01
-2.153345128563629099e-02
1.029678812056988302e-01
2.251004622154952339e-01
3.448166166866237781e-01
4.620686080364128090e-01
5.768087069204897999e-01
6.889892563774734358e-01
7.985624546800000889e-01
9.054806448666883334e-01
1.009704392683952845e+00
1.111226344019891732e+00
1.210047888627934887e+00
1.306169953010369644e+00
1.399593695295054285e+00
1.490320157797061729e+00
1.578350382831464671e+00
1.663685760151693449e+00
1.746326868821677314e+00
1.826275330220418214e+00
1.903531955037417234e+00
1.978097901400533098e+00
2.049974327437624311e+00
2.119162275463763567e+00
2.185662671981237981e+00
2.249476675117906055e+00
2.310605674627197903e+00
2.369050597011400416e+00
2.424812368772800486e+00
2.477892148039257059e+00
2.528291092938628193e+00
2.576010361598772835e+00
2.621051112147549933e+00
2.663414039461673877e+00
2.703100764920147281e+00
2.740111983399684981e+00
2.774448853028145479e+00
2.806112763558959333e+00
2.835104409868841824e+00
2.861424950085651453e+00
2.885075773962818335e+00
2.906057808002629805e+00
2.924371978707372310e+00
2.940019675830475965e+00
2.953001825874228103e+00
2.963319586966487229e+00
2.970973885609540677e+00
2.975966111556817673e+00
2.978296959685033940e+00
2.977967819747620482e+00
2.974979849872434468e+00
2.969333976561764121e+00
2.961031126317895446e+00
2.950072920519831055e+00
2.936459822418714172e+00
2.920193453393546523e+00
2.901274508321043832e+00
2.879704376954635769e+00
2.855484217422181725e+00
2.828614492974824479e+00
2.799103542133146050e+00
2.766984487353902455e+00
2.732297168235430007e+00
2.695081424376063683e+00
2.655377558625283019e+00
2.613224947330280656e+00
2.568663893340535687e+00
2.521734467879955588e+00
2.472476047295732560e+00
2.420928934437346136e+00
2.367132968903131740e+00
2.311127990291426126e+00
2.252954069826135441e+00
2.192650815480024828e+00
2.130258298477001766e+00
2.065816590040972844e+00
1.999365529770275041e+00
1.930944841450457528e+00
1.860594596305428228e+00
1.788354865559094398e+00
1.714265141371434487e+00
1.638365610779141779e+00
1.560696345006123753e+00
1.481296836212358858e+00
1.400207387247325963e+00
1.317467721896575350e+00
1.233117679758442664e+00
1.147197563682407440e+00
1.059746750015661654e+00
9.708054837012917160e-01
8.804136622440263960e-01
7.886110673358087686e-01
6.954377122941531875e-01
6.009334946237884223e-01
5.051383118294433539e-01
4.080920614158465853e-01
3.098346987941198449e-01
2.104061504221883261e-01
1.098462558983878262e-01
8.194985110438248940e-03
-9.450776443693166551e-02
-1.982220807623949477e-01
-3.029080229314281558e-01
-4.085257223924990133e-01
-5.150352671642806079e-01
-6.223966728824547046e-01
-7.305700999486854919e-01
-8.395156508582444221e-01
-9.491932543872236838e-01
-1.059563186750073660e+00
-1.170585145097314816e+00
-1.282217900077180950e+00
-1.394419990712334689e+00
-1.507149724399865942e+00
-1.620365640162437337e+00
-1.734026161209924588e+00
-1.848089710752204518e+00
-1.962514827811939089e+00
-2.077259819786218653e+00
-2.192283225697705618e+00
-2.307543584569061945e+00
-2.422999435422949599e+00
-2.538608854030887318e+00
-2.654330611041109567e+00
-2.770123013850706251e+00
-2.885944601482339333e+00
-3.001753912958671666e+00
-3.117509024051221544e+00
-3.233168937033794155e+00
-3.348691727677909125e+00
-3.464035935006227973e+00
-3.579159866415841051e+00
-3.694022292554982378e+00
-3.808581289195171138e+00
-3.922795395359068849e+00
-4.036623613320481141e+00
-4.150023787225356031e+00
-4.262954687721926206e+00
-4.375374622207282016e+00
-4.487241898078514701e+00
-4.598515285983857837e+00
-4.709153093320401773e+00
-4.819113627485236862e+00
-4.928355659126596677e+00
-5.036837495641572460e+00
-5.144517444427254560e+00
-5.251353812880732441e+00
-5.357305834901384678e+00
-5.462331354635157510e+00
-5.566388679479141288e+00
-5.669437043332713699e+00
-5.771433363839534536e+00
-5.872337801401267932e+00
-5.972108200163861902e+00
-6.070702404273261799e+00
-6.168080110879989419e+00
-6.264198237627705446e+00
-6.359016481666929010e+00
-6.452492687143608130e+00
-6.544586087957120490e+00
-6.635258697513703119e+00
-6.724494765274479313e+00
-6.812282246709719935e+00
-6.898608170787408511e+00
-6.983462809233532020e+00
-7.066831801262646096e+00
-7.148704955349592716e+00
-7.229069763713499519e+00
-7.307913718573495032e+00
-7.385226628404422122e+00
-7.460994595671977869e+00
-7.535206502348719582e+00
-7.607851230407205456e+00
-7.678915808815419020e+00
-7.748388193043630245e+00
-7.816257728315540554e+00
-7.882510980347989360e+00
-7.947137294364678972e+00
-8.010123699333592029e+00
-8.071459077227286727e+00
-8.131131383516031264e+00
-8.189128573670100053e+00
-8.245438603159760405e+00
-8.300049427455284956e+00
-8.352949928529231016e+00
-8.404127135349581224e+00
-8.453569929888892887e+00
-8.501266267617436867e+00
-8.547204104005484027e+00
-8.591371394523307004e+00
-8.633756094641171330e+00
-8.674347086331639645e+00
-8.713131398562692809e+00
-8.750097913306888131e+00
-8.785234586034496473e+00
-8.818529372215790474e+00
-8.849971153823325665e+00
-8.879545106820511791e+00
-8.907242892686767277e+00
-8.933050613887788316e+00
-8.956958078898420439e+00
-8.978950463682073391e+00
-8.999019429718165597e+00
-9.017150152970106802e+00
-9.033331515410452539e+00
-9.047552399011761892e+00
-9.059799832742019277e+00
-9.070062698573780224e+00
-9.078328951977317374e+00
-9.084586548422899810e+00
-9.088829002394520629e+00
-9.091072064431054756e+00
-9.091336117582816456e+00
-9.089642471402401114e+00
-9.086012435442407664e+00
-9.080467319255435044e+00
-9.073027505891793965e+00
-9.063713378401796916e+00
-9.052547172840329281e+00
-9.039550198759986444e+00
-9.024741912708794445e+00
-9.008144550741640444e+00
-8.989777569406545155e+00
-8.969664131260683959e+00
-8.947822766349791124e+00
-8.924276637231042031e+00
-8.899046126954745617e+00
-8.872151618571214371e+00
-8.843615348135333676e+00
-8.813456772195126021e+00
-8.781698126805478566e+00
-8.748359795016702023e+00
-8.713463086381395328e+00
-8.677028383949867418e+00
-8.639076997274719005e+00
-8.599631162410835472e+00
-8.558709409403951085e+00
-8.516334900811241226e+00
-8.472527093180728386e+00
-8.427308222567299723e+00
-8.380699598523552396e+00
-8.332720677597508896e+00
-8.283392769341769934e+00
-8.232737183308932671e+00
-8.180776155553884266e+00
-8.127529142624645431e+00
-8.073017454073816879e+00
-8.017262399453997546e+00
-7.960284361815495480e+00
-7.902105577213199616e+00
-7.842745502195131557e+00
-7.782226372816178461e+00
-7.720568572126650153e+00
-7.657792946428002345e+00
-7.593920805272832197e+00
-7.528973458213739534e+00
-7.462971751552178290e+00
-7.395936068338459179e+00
-7.327888181376325250e+00
-7.258848473716086325e+00
-7.188840107914915123e+00
-7.117892268794848931e+00
-7.046036457433640265e+00
-6.973303711657901083e+00
-6.899725995796528011e+00
-6.825334347676131230e+00
-6.750158878621034475e+00
-6.674232942713565819e+00
-6.597585724775761662e+00
-6.520249652387662742e+00
-6.442255763375879241e+00
-6.363635558818165450e+00
-6.284420076541131550e+00
-6.204640354371388611e+00
-6.124327893386690036e+00
-6.043514194664790118e+00
-5.962229832781154926e+00
-5.880507235315826087e+00
-5.798376513593126447e+00
-5.715869631941954410e+00
-5.633017628188920156e+00
-5.549852003411776202e+00
-5.466403332185991282e+00
-5.382703578840462022e+00
-5.298783781201799492e+00
-5.214675440347756208e+00
-5.130409594104944127e+00
-5.046017280299972541e+00
-4.961530463261738966e+00
-4.876979717565711248e+00
-4.792396544289642790e+00
-4.707812444511286998e+00
-4.623257992806111716e+00
-4.538765616754157683e+00
-4.454365890930890970e+00
-4.370089853162922644e+00
-4.285969004528006998e+00
-4.202034846103897436e+00
-4.118318415717204140e+00
-4.034851214445681400e+00
-3.951664280115939842e+00
-3.868788882180161703e+00
-3.786256290090528331e+00
-3.704098004924794463e+00
-3.622344832883998667e+00
-3.541028738297038014e+00
-3.460180064113807852e+00
-3.379831237914349362e+00
-3.300012371022985391e+00
-3.220755659394185955e+00
-3.142089361347700116e+00
-3.064032238554837306e+00
-2.986600041554474227e+00
-2.909808520885488470e+00
-2.833674121963472015e+00
-2.758212132076157896e+00
-2.683439459890282208e+00
-2.609371392693577985e+00
-2.536024144276066039e+00
-2.463413465176623074e+00
-2.391555569185269459e+00
-2.320466206840881895e+00
-2.250161360307909586e+00
-2.180657243376372900e+00
-2.111969606585148540e+00
-2.044114200473113208e+00
-1.977107470455859328e+00
-1.910965167072263826e+00
-1.845703040861203625e+00
-1.781337305612699096e+00
-1.717883827678413189e+00
-1.655358705035580247e+00
-1.593777688223077194e+00
-1.533156759405352787e+00
-1.473512132372427397e+00
-1.414859441850392141e+00
-1.357214785816481584e+00
-1.300594262247930288e+00
-1.245013621683614957e+00
-1.190488962100770154e+00
-1.137036149851059053e+00
-1.084671167098929967e+00
-1.033410111821617461e+00
-9.832687345579985694e-01
-9.342631332853078563e-01
-8.864092322616009545e-01
-8.397229557449336079e-01
-7.942203438061474774e-01
-7.499173207032983068e-01
-7.068298106944418402e-01
-6.649738538504195162e-01
-6.243653165228942870e-01
-5.850202387827078132e-01
-5.469545448879157279e-01
-5.101842749093595808e-01
-4.747252372923093100e-01
-4.405935010608029723e-01
-4.078049904728963670e-01
-3.763756876930380857e-01
-3.463215459324803236e-01
-3.176545228613631422e-01
-2.903703334066097819e-01
-2.644608706732099468e-01
-2.399178106171800384e-01
-2.167329450073221808e-01
-1.948980511358403278e-01
-1.744049062949384610e-01
-1.552452733002222529e-01
-1.374109149672974595e-01
-1.208936158266671057e-01
-1.056851242173386801e-01
-9.177722466981526328e-02
-7.916168723800168228e-02
-6.783027473750363745e-02
-5.777475722222596283e-02
-4.898691198437261224e-02
-4.145849822039973653e-02
-3.518129322251128260e-02
-3.014706342546252457e-02
-2.634757888315829299e-02
-2.377460964950341496e-02
-2.241992396882794281e-02
-2.227529189503671056e-02
-2.333248167245976362e-02
-2.558326516457671423e-02
-2.901941061571761474e-02
-3.363269169893685212e-02
-3.941487303941491882e-02
-4.635772288148186371e-02
-5.445301489819208418e-02
-6.369251552430084395e-02
-7.406799481371297011e-02
-8.557123005863243037e-02
-9.819397683636579832e-02
-1.119280124391170278e-01
-1.267651141590900588e-01
-1.426970303352923797e-01
-1.597155454982270850e-01
-1.778124514166962988e-01
-1.969794674765110720e-01
-2.172083999230717821e-01
-2.384909970953859593e-01
-2.608190507622557552e-01
-2.841843092626886724e-01
-3.085785643654868071e-01
-3.339935354564613212e-01
-3.604210577342089605e-01
-3.878529084909337343e-01
-4.162807492060537351e-01
-4.456964729845587225e-01
-4.760895698161319300e-01
-5.074406700123382796e-01
-5.397282323950078897e-01
-5.729306578795778648e-01
-6.070264052878782124e-01
-6.419938176289531340e-01
-6.778113537246327480e-01
-7.144574723967470620e-01
-7.519105166543402774e-01
-7.901490032256354157e-01
-8.291513909324624843e-01
-8.688958490646868649e-01
-9.093611259761034127e-01
-9.505253909565772874e-01
-9.923671028279388295e-01
-1.034864836224803852e+00
-1.077996992062609349e+00
-1.121741797537613827e+00
-1.166077827284432988e+00
-1.210983540124897173e+00
-1.256437163255264444e+00
-1.302417387122936976e+00
-1.348902438924172609e+00
-1.395870893293587489e+00
-1.443300861614654318e+00
-1.491171034334774603e+00
-1.539459870275778242e+00
-1.588145712446709767e+00
-1.637206903856613271e+00
-1.686621903327318872e+00
-1.736369285493442272e+00
-1.786427161738456171e+00
-1.836774222509762300e+00
-1.887388810816404749e+00
-1.938249385480213638e+00
-1.989334289510233278e+00
-2.040621981728293566e+00
-2.092090805143438370e+00
-2.143719450203070309e+00
-2.195486144103447224e+00
-2.247369114040827398e+00
-2.299346818837040729e+00
-2.351398180565061224e+00
-2.403501426421147169e+00
-2.455634320350413180e+00
-2.507776247676976045e+00
-2.559904972345950824e+00
-2.611999184804739471e+00
-2.664037343875171882e+00
-2.715997676753506340e+00
-2.767859800389431690e+00
-2.819606342865069060e+00
-2.871222016892684525e+00
-2.922690840307829774e+00
-2.973996599320483991e+00
-3.025123775017342531e+00
-3.076056153608384580e+00
-3.126777984554733436e+00
-3.177273285691939897e+00
-3.227526538106699316e+00
-3.277521296383419713e+00
-3.327242273234367165e+00
-3.376673023243949689e+00
-3.425797795873290141e+00
-3.474601072209083874e+00
-3.523066175210166406e+00
-3.571178049214376315e+00
-3.618920480431692788e+00
-3.666277255072096342e+00
-3.713233549098995834e+00
-3.759771990594512836e+00
-3.805877755522057537e+00
-3.851534166840465456e+00
-3.896725937262003558e+00
-3.941437084622223086e+00
-3.985652090007818948e+00
-4.029353813126482997e+00
-4.072527893192770421e+00
-4.115157189914372182e+00
-4.157226416003555691e+00
-4.198719820921443358e+00
-4.239621190878015256e+00
-4.279914775334394683e+00
-4.319584360500559939e+00
-4.358614659088779320e+00
-4.396988994057887901e+00
-4.434692078120153091e+00
-4.471708160736697302e+00
-4.508021028117499718e+00
-4.543614466472539526e+00
-4.578473188514085024e+00
-4.612580980452115398e+00
-4.645922091747752170e+00
-4.678480771862120413e+00
-4.710240343754054315e+00
-4.741185983386965397e+00
-4.771301476970831956e+00
-4.800570147464491733e+00
-4.828977170831353583e+00
-4.856505870030253469e+00
-4.883143737280319030e+00
-4.908887993074690037e+00
-4.933739563915652049e+00
-4.957698449803206842e+00
-4.980765577239639086e+00
-5.002941409476094670e+00
-5.024225946512571817e+00
-5.044620114851358750e+00
-5.064124377743596916e+00
-5.082739198440432205e+00
-5.100465040193006061e+00
-5.117302366252462598e+00
-5.133251639869945926e+00
-5.148313324296598381e+00
-5.162487882783564963e+00
-5.175776241833130342e+00
-5.188177938194153072e+00
-5.199694824871205157e+00
-5.210325975362001927e+00
-5.220073242671114500e+00
-5.228935700296258204e+00
-5.236914737990862712e+00
-5.244010819006071245e+00
-5.250223943341882915e+00
-5.255555037500586835e+00
-5.260004564733324450e+00
-5.263572988291239874e+00
-5.266260771425476328e+00
-5.268067914136034702e+00
-5.268995806176343777e+00
-5.269044447546405330e+00
-5.268213838246217584e+00
-5.266505368029212875e+00
-5.263919036895389425e+00
-5.260455771347034570e+00
-5.256115108133005087e+00
-5.250898900257874757e+00
-5.244806221219357134e+00
-5.237838460770880999e+00
-5.229996082163591353e+00
-5.221279085397488195e+00
-5.211688396974857085e+00
-5.201224480146843021e+00
-5.189887798164588339e+00
-5.177678351028093928e+00
-5.164597065239645346e+00
-5.150644404050386704e+00
-5.135820830711462115e+00
-5.120127271725158025e+00
-5.103563263840330322e+00
-5.086131586563840123e+00
-5.067844747676560679e+00
-5.048713865205934681e+00
-5.028754226439694719e+00
-5.007977875907569931e+00
-4.986398247892721791e+00
-4.964028313427165884e+00
-4.940881970045204241e+00
-4.916972188778855113e+00
-4.892312403911276419e+00
-4.866915586474485522e+00
-4.840794707500498006e+00
-4.813964127774761792e+00
-4.786436355078148353e+00
-4.758223897191530938e+00
-4.729341578151500691e+00
-4.699801442487785863e+00
-4.669616924483546150e+00
-4.638801921673085360e+00
-4.607369405088419079e+00
-4.575332345761564667e+00
-4.542703714724537711e+00
-4.509497409511641131e+00
-4.475726864406035510e+00
-4.441404123937449988e+00
-4.406544012142473932e+00
-4.371159036801981479e+00
-4.335262168947987327e+00
-4.298866842863652948e+00
-4.261986492832137152e+00
-4.224634089885456412e+00
-4.186823068306769535e+00
-4.148566862379237996e+00
-4.109878443134877379e+00
-4.070771244856847382e+00
-4.031258701828306812e+00
-3.991353321830130252e+00
-3.951069002396620178e+00
-3.910419177810935842e+00
-3.869415892602806828e+00
-3.828073970808823834e+00
-3.786405920209859222e+00
-3.744424711837929465e+00
-3.702144243227337927e+00
-3.659577253784528583e+00
-3.616736946167089961e+00
-3.573637449534897037e+00
-3.530290808417678949e+00
-3.486710920349739062e+00
-3.442911219614237073e+00
-3.398904908868761066e+00
-3.354704959145327070e+00
-3.310325962854953730e+00
-3.265781354280800741e+00
-3.221084799331599857e+00
-3.176250658792797221e+00
-3.131291440445265639e+00
-3.086222199951167422e+00
-3.041055676716946543e+00
-2.995806463153622090e+00
-2.950487761918781260e+00
-2.905113238921156249e+00
-2.859697023320621589e+00
-2.814252549400337422e+00
-2.768793714694606223e+00
-2.723334185112159744e+00
-2.677887858187301795e+00
-2.632468399828762795e+00
-2.587089475945275385e+00
-2.541764984071141598e+00
-2.496508590115093629e+00
-2.451333959985862787e+00
-2.406254759592180381e+00
-2.361285118093921831e+00
-2.316438469774245945e+00
-2.271728712167456976e+00
-2.227169511182285788e+00
-2.182774301101892078e+00
-2.138557442711722434e+00
-2.094532370294936996e+00
-2.050712749760267073e+00
-2.007112478642016029e+00
-1.963745222848914729e+00
-1.920624764102481175e+00
-1.877764768311446453e+00
-1.835179017197327900e+00
-1.792881292481643074e+00
-1.750885491698694896e+00
-1.709204933318857478e+00
-1.667853978127577408e+00
-1.626845712969656743e+00
-1.586194267004970460e+00
-1.545913306142249866e+00
-1.506016612103012742e+00
-1.466517966608775980e+00
-1.427430919755485306e+00
-1.388769369077443860e+00
-1.350547096296169203e+00
-1.312777767320392641e+00
-1.275475048058845484e+00
-1.238651214666829148e+00
-1.202311941970850784e+00
-1.166461167605629345e+00
-1.131102945018670036e+00
-1.096241443470264088e+00
-1.061880716407916259e+00
-1.028024585653559919e+00
-9.946774520930581343e-01
-9.618430796419509266e-01
-9.295256954669224303e-01
-8.977292372026918210e-01
-8.664577582967640801e-01
-8.357154280094303278e-01
-8.055061260690167257e-01
-7.758340796422072971e-01
-7.467032263637212175e-01
-7.181176775874564822e-01
-6.900814288545253916e-01
-6.625985915188257191e-01
-6.356731611214698763e-01
-6.093092490163557473e-01
-5.835108507445956327e-01
-5.582820776600874169e-01
-5.336268673975503862e-01
-5.095494471236684531e-01
-4.860537544731608484e-01
-4.631437849871397061e-01
-4.408237658322889385e-01
-4.190975767369348737e-01
-3.979693580081719584e-01
-3.774431630935052850e-01
-3.575230164872435501e-01
-3.382129426836953390e-01
-3.195170819899551540e-01
-3.014394009939386776e-01
-2.839840110495439607e-01
-2.671549366510795886e-01
-2.509562022928542580e-01
-2.353919193287659917e-01
-2.204660832999269238e-01
-2.061827766070385981e-01
-1.925460526976061626e-01
-1.795599360659382027e-01
-1.672285235893345712e-01
-1.555558252855056001e-01
-1.445459235551528887e-01
-1.342028428925850780e-01
-1.245306656985036980e-01
-1.155334092289182768e-01
-1.072151414079321602e-01
-9.957812058486960327e-02
-9.261741747803244051e-02
-8.632628599264433045e-02
-8.069800174882628407e-02
-7.572582589010108667e-02
-7.140304127488886210e-02
-6.772289457011415603e-02
-6.467866863419707846e-02
-6.226363184895952751e-02
-6.047104173877473204e-02
-5.929417392376369611e-02
-5.872629316659875448e-02
-5.876067508740091816e-02
-5.939057359139383874e-02
-6.060926429869853416e-02
-6.241001921028645205e-02
-6.478609946968037769e-02
-6.773077707785174484e-02
-7.123731317832333876e-02
-7.529899062951528332e-02
-7.990905609835212420e-02
-8.506079244325399913e-02
-9.074746804604277850e-02
-9.696234405024124758e-02
-1.036986888376713045e-01
-1.109497780284539603e-01
-1.187088655278128596e-01
-1.269692486707663936e-01
-1.357241451710425872e-01
-1.449668596019589584e-01
-1.546906603453374052e-01
-1.648888013064015445e-01
-1.755545653435715281e-01
-1.866811918854728025e-01
-1.982619782671236897e-01
-2.102901783937478619e-01
-2.227590751237654709e-01
-2.356619223624001336e-01
-2.489919884914737758e-01
-2.627425563694065214e-01
-2.769068654248237338e-01
-2.914781985161456479e-01
-3.064498385017923043e-01
-3.218150103337909518e-01
-3.375670258237581378e-01
-3.536991678301140696e-01
-3.702046323516893223e-01
-3.870767601532971169e-01
-4.043087761869645358e-01
-4.218939343579152790e-01
-4.398251121798189556e-01
-4.580932473021820384e-01
-4.766888720297605131e-01
-4.956025186673102545e-01
-5.148246616131942899e-01
-5.343460068913474803e-01
-5.541569420405433322e-01
-5.742480283187343382e-01
-5.946097690774798661e-01
-6.152327255747325196e-01
-6.361075169748374725e-01
-6.572244729101754945e-01
-6.785743283578777874e-01
-7.001474129503251209e-01
-7.219344616646485857e-01
-7.439258620396218546e-01
-7.661122332395903234e-01
-7.884840207097204567e-01
-8.110318436143576504e-01
-8.337461473986684801e-01
-8.566174933206053277e-01
-8.796365005445134777e-01
-9.027936724219526310e-01
-9.260793385853033355e-01
-9.494842340116967927e-01
-9.729989199590853843e-01
-9.966137260598498804e-01
-1.020319329384728579e+00
-1.044106349098066877e+00
-1.067965172738638113e+00
-1.091886303658002211e+00
-1.115860361020504232e+00
-1.139877848177703656e+00
-1.163929268481159962e+00
-1.188005241095218656e+00
-1.212096153558653189e+00
-1.236192625035809067e+00
-1.260285158878245770e+00
-1.284364374250308583e+00
-1.308420774503556983e+00
-1.332444747176764643e+00
-1.356427027247062655e+00
-1.380358002253224692e+00
-1.404228175546810231e+00
-1.428028282104950586e+00
-1.451748593653633623e+00
-1.475379845169990212e+00
-1.498912424192794246e+00
-1.522336949886391011e+00
-1.545644041415125569e+00
-1.568824202130558065e+00
-1.591869788388821094e+00
-1.614772577482118887e+00
-1.637525157392156316e+00
-1.660119652849495031e+00
-1.682548072771910652e+00
-1.704802889328322468e+00
-1.726876227249291462e+00
-1.748760442890951561e+00
-1.770447429358291913e+00
-1.791929774633018058e+00
-1.813199371820119365e+00
-1.834248808901301153e+00
-1.855069863168767208e+00
-1.875655238417008208e+00
-1.895996711938228163e+00
-1.916086871714132389e+00
-1.935917610849710258e+00
-1.955481517326666863e+00
-1.974770368437206436e+00
-1.993776867975819211e+00
-2.012492677421923837e+00
-2.030910616382796796e+00
-2.049022577963427683e+00
-2.066820686894378589e+00
-2.084297531157353500e+00
-2.101444772231771729e+00
-2.118255229724908872e+00
-2.134720796741755411e+00
-2.150833598012872994e+00
-2.166586221519965605e+00
-2.181970791993595782e+00
-2.196979202538753118e+00
-2.211604041137142485e+00
-2.225836969268181420e+00
-2.239670806539147740e+00
-2.253097909306173374e+00
-2.266109939048677635e+00
-2.278699252122792895e+00
-2.290858204884653304e+00
-2.302579153690390790e+00
-2.313853991644996277e+00
-2.324675075104603028e+00
-2.335034760425343414e+00
-2.344925172337779529e+00
-2.354338435572472576e+00
-2.363266674859984651e+00
-2.371702478182020624e+00
-2.379637738643569644e+00
-2.387065044226337474e+00
-2.393979299167745545e+00
-2.400387683860517818e+00
-2.406300853080952873e+00
-2.411729229979778566e+00
-2.416682542831006586e+00
-2.421171678036508457e+00
-2.425206827121439535e+00
-2.428798181610955176e+00
-2.431956164655783237e+00
-2.434690967781079074e+00
-2.437013245763141711e+00
-2.438932726875983725e+00
-2.440460297521476196e+00
-2.441605917599202424e+00
-2.442380241885461878e+00
-2.442792998654266245e+00
-2.442855305933059107e+00
-2.442576891995851707e+00
-2.441967948367800290e+00
-2.441039593076347547e+00
-2.439801554395505168e+00
-2.438264023850428952e+00
-2.436437656217417924e+00
-2.434332643021628328e+00
-2.431959407413787133e+00
-2.429328140919050139e+00
-2.426449266688144313e+00
-2.423332976246225900e+00
-2.419989924369593925e+00
-2.416429839332260521e+00
-2.412663607536096322e+00
-2.408700957255113462e+00
-2.404552774891183464e+00
-2.400229251969461242e+00
-2.395740348389531427e+00
-2.391096950553264211e+00
-2.386309018360243783e+00
-2.381386743335625944e+00
-2.376340780255709717e+00
-2.371181320645650903e+00
-2.365918556030604858e+00
-2.360562909561299438e+00
-2.355125036014033224e+00
-2.349614663662818792e+00
-2.344042447283955166e+00
-2.338418578402598147e+00
-2.332753248543903091e+00
-2.327057112484169465e+00
-2.321340361748552628e+00
-2.315613419487779989e+00
