# tt
3.385399627838768311e+02
3.050578897243046868e+02
2.777103291345077309e+02
2.577737195091104354e+02
2.438921655173655836e+02
2.345231965040033799e+02
2.282086016377320163e+02
2.242010864100095660e+02
2.219698317186188490e+02
2.210017035369946825e+02
2.211914808534207282e+02
2.221541834376529323e+02
2.235105086654612307e+02
2.253200491639376821e+02
2.277063039819141466e+02
2.306096211961521760e+02
2.339173529526038919e+02
2.374883151267854089e+02
2.412057091344036337e+02
2.450791557752055212e+02
2.491380066416393788e+02
2.533643691215409888e+02
2.577329237604145646e+02
2.622362881880382020e+02
2.668730689449724878e+02
2.716481876113652447e+02
2.765595391740207560e+02
2.815708343913664748e+02
2.866519804691246236e+02
2.918319139267189826e+02
2.971412908718178301e+02
3.025585571552191482e+02
3.080524044116448295e+02
3.136043618915035154e+02
3.192083220917201629e+02
3.248955933775730500e+02
3.306956459338031209e+02
3.365935964276740151e+02
3.425632952586408919e+02
3.485837812389652868e+02
3.546546392956227578e+02
3.607803759357366289e+02
3.669656162587230597e+02
3.732150150120712624e+02
3.795322485568556772e+02
3.859177616141739122e+02
3.923711094629283025e+02
3.988918473820211830e+02
4.054795306503547749e+02
4.121333587699532472e+02
4.188508413026694939e+02
4.256292209776976847e+02
4.324656812280858276e+02
4.393573758388085366e+02
4.463024666293287055e+02
4.533028807244029394e+02
4.603614643390566812e+02
4.674810933363882555e+02
4.746647028756426039e+02
4.819144572661618326e+02
4.892300303791409419e+02
4.966103845320186565e+02
5.040544820422337011e+02
5.115614334675906321e+02
5.191298749967230606e+02
5.267576126722159415e+02
5.344423339443609393e+02
5.421814890788646153e+02
5.499726469337263097e+02
5.578153924359214670e+02
5.657168411230132961e+02
5.736860060092484446e+02
5.817321372934593455e+02
5.898641886937463141e+02
5.980878526401597810e+02
6.063948276722095443e+02
6.147733731529160650e+02
6.232117484453001452e+02
6.316982722085286923e+02
6.402242279090869488e+02
6.487937662772199019e+02
6.574138249620518764e+02
6.660916380934387462e+02
6.748342026166510550e+02
6.836469144810074567e+02
6.925277576175319609e+02
7.014727591844181234e+02
7.104781242282991798e+02
7.195399392035151322e+02
7.286548835258698773e+02
7.378221270493145312e+02
7.470412547008243109e+02
7.563120292958138862e+02
7.656339171689660361e+02
7.750066218395488704e+02
7.844298468268307261e+02
7.939031770577870475e+02
8.034263753478322769e+02
8.129989673277956399e+02
8.226206565169453597e+02
8.322910871384030997e+02
8.420099034152909780e+02
8.517768681630233232e+02
8.615913291239902492e+02
8.714532270020453097e+02
8.813622060203105093e+02
8.913177325134686271e+02
9.013195692969339916e+02
9.113673012976821610e+02
9.214603355542496956e+02
9.315967745899529291e+02
9.417741279666446417e+02
9.519903203192025103e+02
9.622430390979181993e+02
9.725300310492301605e+02
9.828491022157229509e+02
9.931978214553959106e+02
1.003573994810833710e+03
1.013975369028474688e+03
1.024399631558610508e+03
1.034844647739972743e+03
1.045308045726706496e+03
1.055787690857542884e+03
1.066281092694335030e+03
1.076785997983520929e+03
1.087300390656124364e+03
1.097821661681705791e+03
1.108347913583581430e+03
1.118876774515897068e+03
1.129405754040505144e+03
1.139932717496137229e+03
1.150455174444645763e+03
1.160970753040176533e+03
1.171477318621460654e+03
1.181972262158057902e+03
1.192453211804114289e+03
1.202918032898360707e+03
1.213364116410357383e+03
1.223789209086542314e+03
1.234190939081061515e+03
1.244566934548060090e+03
1.254914823641684052e+03
1.265232353108371626e+03
1.275516913917682814e+03
1.285766371408348505e+03
1.295978235142222047e+03
1.306150133273448773e+03
1.316279812548466907e+03
1.326364782529129343e+03
1.336402789961874532e+03
1.346391463000847807e+03
1.356328429800195181e+03
1.366211199921769094e+03
1.376037757296593554e+03
1.385805492894228564e+03
1.395512034868819683e+03
1.405155367151390919e+03
1.414732880711502276e+03
1.424242203703299310e+03
1.433681082873220248e+03
1.443047146375410648e+03
1.452338022364016524e+03
1.461551576177768311e+03
1.470685080193933800e+03
1.479736518343536773e+03
1.488703281596137231e+03
1.497583353882758956e+03
1.506374126172962178e+03
1.515073345213185121e+03
1.523678639157573343e+03
1.532187754752565297e+03
1.540598201560013649e+03
1.548907607734064186e+03
1.557113838613447797e+03
1.565214522352310041e+03
1.573207761473967594e+03
1.581091895686322232e+03
1.588864790328104846e+03
1.596525022291802998e+03
1.604070575508440470e+03
1.611499789685919040e+03
1.618810648755262491e+03
1.626001611016665720e+03
1.633070778993444719e+03
1.640016373801208829e+03
1.646836497963274724e+03
1.653529491187544181e+03
1.660093455997333649e+03
1.666526613508252240e+03
1.672827184835909520e+03
1.678993509688207041e+03
1.685023571996168585e+03
1.690915592875403490e+03
1.696667912033813536e+03
1.702278631994715170e+03
1.707745973873717958e+03
1.713068277378723224e+03
1.718243526440755204e+03
1.723270060767715449e+03
1.728146220067506192e+03
1.732871411378663652e+03
1.737444804555138717e+03
1.741866281004638722e+03
1.746135129173407677e+03
1.750250993284566903e+03
1.754213043192067516e+03
1.758020804526738857e+03
1.761674040103995139e+03
1.765172275554665930e+03
1.768514562140408998e+03
1.771700781268931905e+03
1.774730102794185541e+03
1.777602289531584347e+03
1.780316867111957663e+03
1.782873005389256377e+03
1.785270348586602267e+03
1.787508422334824445e+03
1.789586752264752022e+03
1.791504745414921217e+03
1.793261808823868932e+03
1.794857468122423825e+03
1.796291367533707898e+03
1.797562795503964935e+03
1.798671396256316712e+03
1.799616458237006555e+03
1.800397744261449589e+03
1.801014424183596475e+03
1.801466260818861656e+03
1.801752661205781806e+03
1.801872913790600478e+03
1.801826781388732115e+03
1.801613552446420726e+03
1.801232634002202303e+03
1.800684026056077073e+03
1.799966542685117702e+03
1.799080183889324417e+03
1.798024000930355214e+03
1.796797875215917429e+03
1.795401095192254843e+03
1.793833067897903902e+03
1.792093674740571487e+03
1.790181848389623610e+03
1.788097351660474487e+03
1.785839591591660792e+03
1.783408212406304301e+03
1.780802739735233899e+03
1.778022343432400703e+03
1.775066786313219154e+03
1.771935475416225927e+03
1.768628173556835236e+03
1.765146778211731089e+03
1.761493779819059910e+03
1.757670720078627710e+03
1.753680445205459591e+03
1.749524615491653549e+03
1.745205839967649354e+03
1.740726016110130786e+03
1.736087634357244724e+03
1.731292592185674948e+03
1.726343261441275672e+03
1.721242013969901336e+03
1.715990510063650163e+03
1.710591595937547254e+03
1.705047050475983724e+03
1.699359126932520894e+03
1.693529959968427875e+03
1.687562158614144664e+03
1.681457383161769030e+03
1.675218124049448306e+03
1.668846515938451603e+03
1.662344812082340468e+03
1.655715028550091120e+03
1.648959655779850664e+03
1.642080709840595318e+03
1.635080206801301529e+03
1.627960755692409066e+03
1.620724253990601255e+03
1.613373073541732765e+03
1.605909230414779813e+03
1.598335096455596840e+03
1.590652687733159837e+03
1.582864376093323472e+03
1.574972296197356627e+03
1.566978582706528186e+03
1.558885488874399925e+03
1.550695267954533620e+03
1.542410054608198152e+03
1.534031983496662406e+03
1.525563307873488384e+03
1.517006280992237407e+03
1.508363156106471251e+03
1.499635830692873469e+03
1.490826795189591394e+03
1.481938184257893681e+03
1.472972132559049669e+03
1.463930893346620678e+03
1.454816601281875819e+03
1.445631509618376867e+03
1.436377871609685371e+03
1.427057821917070441e+03
1.417674088163264514e+03
1.408229397971000253e+03
1.398726478963010095e+03
1.389168058762026931e+03
1.379556746398490304e+03
1.369895625272011102e+03
1.360186948636150873e+03
1.350433918482813169e+03
1.340638906657852431e+03
1.330804759376293759e+03
1.320934322853162939e+03
1.311030206118899287e+03
1.301095136796235465e+03
1.291131842507904139e+03
1.281143169468930864e+03
1.271131726709755185e+03
1.261100241853109537e+03
1.251051561114019478e+03
1.240988293522925005e+03
1.230913166702558328e+03
1.220829026867944776e+03
1.210738601641817240e+03
1.200644381462322372e+03
1.190549331136778619e+03
1.180456296880211312e+03
1.170367650538474436e+03
1.160286356918886213e+03
1.150215143644179307e+03
1.140156619744793488e+03
1.130113631435754087e+03
1.120088787747500874e+03
1.110085053487352070e+03
1.100104919093454555e+03
1.090151112188540992e+03
1.080226597579929376e+03
1.070333984298059477e+03
1.060475881373371521e+03
1.050655135020890384e+03
1.040874472863348728e+03
1.031136622523479446e+03
1.021444311624014631e+03
1.011800149195394397e+03
1.002207218637229403e+03
9.926678324992278704e+02
9.831849555887075667e+02
9.737612562322548229e+02
9.643994027564558564e+02
9.551023006724823290e+02
9.458724997146276792e+02
9.367126089133317919e+02
9.276240513761073316e+02
9.186081909143205166e+02
9.096660948586060158e+02
9.007991863164761526e+02
8.920085919147121558e+02
8.832957940569726816e+02
8.746618007777460662e+02
8.661078572961058626e+02
8.576355053118572869e+02
8.492456935633423427e+02
8.409397858619271346e+02
8.327191460189779946e+02
8.245849006612756966e+02
8.165383543040403538e+02
8.085806928701989591e+02
8.007132801711179582e+02
7.929373021297244577e+02
7.852540632612385707e+02
7.776647494885871765e+02
7.701706060308440556e+02
7.627729966993755397e+02
7.554731074171087357e+02
7.482721834031171966e+02
7.411715884687672542e+02
7.341723899446933501e+02
7.272759516422618162e+02
7.204835780766925382e+02
7.137963958747664037e+02
7.072157688478496311e+02
7.007429422150158871e+02
6.943791018991923920e+02
6.881256117117452504e+02
6.819835389833091313e+02
6.759543661175429179e+02
6.700392197412274982e+02
6.642393450734365388e+02
6.585560466293898116e+02
6.529906289243073161e+02
6.475442185849699399e+02
6.422181794227437877e+02
6.370136973605563071e+02
6.319320769136272702e+02
6.269745040048840110e+02
6.221422831495463015e+02
6.174367188628340273e+02
6.128589970676746361e+02
6.084104222792879000e+02
6.040921804206010393e+02
5.999055760068339396e+02
5.958514984801820447e+02
5.919293548791818012e+02
5.881381371693451001e+02
5.844769559084763841e+02
5.809447437659413254e+02
5.775406705956906990e+02
5.742637283632366234e+02
5.711128497379444298e+02
5.680872638699115669e+02
5.651859034285033658e+02
5.624078196753782777e+02
5.597520045760479661e+02
5.572175686883172148e+02
5.548035039776978010e+02
5.525089210019942811e+02
5.503327524305722136e+02
5.482741088212362683e+02
5.463319821394983364e+02
5.445054236470164142e+02
5.427935439015953989e+02
5.411953348687469543e+02
5.397097885139829714e+02
5.383360153951082339e+02
5.370730074776344054e+02
5.359197567270734908e+02
5.348754329973763788e+02
5.339389689579085143e+02
5.331094751664746809e+02
5.323859435885866560e+02
5.317673661897562170e+02
5.312529128239345937e+02
5.308415161604870036e+02
5.305322274610717841e+02
5.303241572834936051e+02
5.302162975932642439e+02
5.302076403558957054e+02
5.302972368330459858e+02
5.304842568786663151e+02
5.307675738659756917e+02
5.311462983527787856e+02
5.316194223045873741e+02
5.321861155753525736e+02
5.328452515382932688e+02
5.335960000473606897e+02
5.344372937719202810e+02
5.353682432697765989e+02
5.363878405064414210e+02
5.374951960397195307e+02
5.386892425389763730e+02
5.399691498581628366e+02
5.413336727782054822e+02
5.427811510070060876e+02
5.443096277717348812e+02
5.459172648918545292e+02
5.476021648906817063e+02
5.493623116992400810e+02
5.511959857292850984e+02
5.531011709118406543e+02
5.550759697702231961e+02
5.571185441238955036e+02
5.592269372000278054e+02
5.613992515219363213e+02
5.636336489090841724e+02
5.659281725886412460e+02
5.682809843800705494e+02
5.706901275105420837e+02
5.731537045033722961e+02
5.756698771780241941e+02
5.782366887616676649e+02
5.808521824814729371e+02
5.835146387491955693e+02
5.862219821997128975e+02
5.889724339486341478e+02
5.917640372231294350e+02
5.945948352503688739e+02
5.974630491459615769e+02
6.003667814332241051e+02
6.033040160431802406e+02
6.062729740914390959e+02
6.092716395090244532e+02
6.122982334115455387e+02
6.153507397300260209e+02
6.184273795800751259e+02
6.215261961888629685e+02
6.246452327835597771e+02
6.277827104797744369e+02
6.309366132085310710e+02
6.341051620854385646e+02
6.372863410415208136e+02
6.404783118962407116e+02
6.436792364690609247e+02
6.468870393948590163e+02
6.501000010853904314e+02
6.533161647678251711e+02
6.565336329654800238e+02
6.597504489055247632e+02
6.629647744074225102e+02
6.661747119944894848e+02
6.693783048938959155e+02
6.725737742212510284e+02
6.757591632037249383e+02
6.789332859183903111e+02
6.820948378500273748e+02
6.852426923718551279e+02
6.883755449686537986e+02
6.914922097174961664e+02
6.945914413993084509e+02
6.976719947950174401e+02
7.007326839816955726e+02
7.037723230364158553e+02
7.067896074439584027e+02
7.097834105775422131e+02
7.127524872180937336e+02
7.156955921465395249e+02
7.186114801438060340e+02
7.214989652869658130e+02
7.243568616530918689e+02
7.271838647269643161e+02
7.299787885856557068e+02
7.327404473062390480e+02
7.354675956696407866e+02
7.381589884567871422e+02
7.408134397447511219e+02
7.434297636106055052e+02
7.460066555391301790e+02
7.485429296073981504e+02
7.510373405963357527e+02
7.534887618791622117e+02
7.558958889406574144e+02
7.582574765617480352e+02
7.605723981156530726e+02
7.628393490871526410e+02
7.650571435533196336e+02
7.672245955912267164e+02
7.693404006856538899e+02
7.714033729136741613e+02
7.734123856485065289e+02
7.753660750787848883e+02
7.772632552815817917e+02
7.791027996301165786e+02
7.808834036091691360e+02
7.826038219996661383e+02
7.842629281748265839e+02
7.858593583232841411e+02
7.873921044105509282e+02
7.888597433291139396e+02
7.902612077483390749e+02
7.915950745607133285e+02
7.928603950278952652e+02
7.940557460423719931e+02
7.951802381619481821e+02
7.962338713866238322e+02
7.972170607894236127e+02
7.981300435549327403e+02
7.989732347561757706e+02
7.997468122815919287e+02
8.004512505003518754e+02
8.010867865970412822e+02
8.016538356446845910e+02
8.021525755317209132e+02
8.025833620350282445e+02
8.029465509314849214e+02
8.032424979979690534e+02
8.034714997152124170e+02
8.036337932678004563e+02
8.037298530249041733e+02
8.037598568749624519e+02
8.037242198909999615e+02
8.036231792576020325e+02
8.034571500477932204e+02
8.032263694461590831e+02
8.029312525257239486e+02
8.025719771749270421e+02
8.021490770590855846e+02
8.016626114743459084e+02
8.011131140860253481e+02
8.005008220787091204e+02
7.998260319331292294e+02
7.990891587223101169e+02
7.982903803346908944e+02
7.974301118432960038e+02
7.965086497288573355e+02
7.955263497682531124e+02
7.944835677383613302e+02
7.933804815276212139e+02
7.922174469129107592e+02
7.909949382634010817e+02
7.897130741713846191e+02
7.883723883021789334e+02
7.869729992480764622e+02
7.855153220821018749e+02
7.839996532849869482e+02
7.824264079297562375e+02
7.807957639048486271e+02
7.791080769871425673e+02
7.773637622496624999e+02
7.755630568769936417e+02
7.737062573498681104e+02
7.717938380374565668e+02
7.698259175320517897e+02
7.678030294989711138e+02
7.657263598611416455e+02
7.635971538376369381e+02
7.614167159436769907e+02
7.591861728060425776e+02
7.569069475322464768e+02
7.545802260452156816e+02
7.522072535640239721e+02
7.497893939000374530e+02
7.473278922723297910e+02
7.448238753076818739e+02
7.422788254097525851e+02
7.396939285014692587e+02
7.370704298019053340e+02
7.344095745301343641e+02
7.317126672013764619e+02
7.289810123308513994e+02
7.262157958414865107e+02
7.234183815446479002e+02
7.205899553632629022e+02
7.177318811086977348e+02
7.148452854077332859e+02
7.119315913678822199e+02
7.089919256159253109e+02
7.060277112593752236e+02
7.030400749250128456e+02
7.000303211280581763e+02
6.969998136798773203e+02
6.939497385033976116e+02
6.908813408176926032e+02
6.877959844341285134e+02
6.846947959794862300e+02
6.815791985612784174e+02
6.784503188062858499e+02
6.753095798220213055e+02
6.721581082352655585e+02
6.689973271535311596e+02
6.658283632035991104e+02
6.626525209006892965e+02
6.594710454638751571e+02
6.562853007045231379e+02
6.530964725455604594e+02
6.499058655022068933e+02
6.467147247935359928e+02
6.435243549347678709e+02
6.403360604411224131e+02
6.371510272355267261e+02
6.339704412409080305e+02
6.307958441570717696e+02
6.276282440185059386e+02
6.244689453404306505e+02
6.213190154534802332e+02
6.181792845037037978e+02
6.150507605255894532e+02
6.119344515536253084e+02
6.088311284377140282e+02
6.057419178046365005e+02
6.026676498004418363e+02
5.996093324596180310e+02
5.965678552243605282e+02
5.935441668330112179e+02
5.905392160239116492e+02
5.875540108315500447e+02
5.845894406981218481e+02
5.816464543619687220e+02
5.787260005614325564e+02
5.758290280348551278e+02
5.729564262244316524e+02
5.701092624607967991e+02
5.672883668899995655e+02
5.644946882503817278e+02
5.617292938725776139e+02
5.589929546064901160e+02
5.562867970789000083e+02
5.536115921397099555e+02
5.509683478234080667e+02
5.483580721644824507e+02
5.457816546051285513e+02
5.432400438836882586e+02
5.407341294423567888e+02
5.382649786117685835e+02
5.358334215379728676e+02
5.334405255516040825e+02
5.310871207987112257e+02
5.287741560176360736e+02
5.265026392428667350e+02
5.242735192127449864e+02
5.220876260733199388e+02
5.199460271552259201e+02
5.178496119006584877e+02
5.157993883441056369e+02
5.137961866316165924e+02
5.118410740938256254e+02
5.099348808767819605e+02
5.080786150149735931e+02
5.062732252467424132e+02
5.045196603104300266e+02
5.028188096482319906e+02
5.011716219984899681e+02
4.995791053956921246e+02
4.980420306897411251e+02
4.965603978806369696e+02
4.951339401357210477e+02
4.937626574549934162e+02
4.924463719500148500e+02
4.911848464362000755e+02
4.899779623212562569e+02
4.888256010128907292e+02
4.877275253265179913e+02
4.866837056140649338e+02
4.856938453947997232e+02
4.847578853725759700e+02
4.838756773070278427e+02
4.830469543654966742e+02
4.822716868999092981e+02
4.815496377256802703e+02
4.808806586024436456e+02
4.802646605859799820e+02
4.797014361397768880e+02
4.791908370234685890e+02
4.787326557005427503e+02
4.783268032267798731e+02
4.779731313618140121e+02
4.776714622172061695e+02
4.774216475525903434e+02
4.772234798314542559e+02
4.770768404615053555e+02
4.769816108504507497e+02
4.769375834617782175e+02
4.769446397031950937e+02
4.770026016862622669e+02
4.771113211706138486e+02
4.772706202678107275e+02
4.774803507374869582e+02
4.777403939873499894e+02
4.780505424808873727e+02
4.784106776258064997e+02
4.788206511817414253e+02
4.792802556121798716e+02
4.797893723248291735e+02
4.803478234312502195e+02
4.809554606910771213e+02
4.816121951600903230e+02
4.823177896537043807e+02
4.830720662834802397e+02
4.838749657532715105e+02
4.847262805265659722e+02
4.856258327149245133e+02
4.865734444299080224e+02
4.875690860234433330e+02
4.886123424225060035e+02
4.897024131291200888e+02
4.908382901087974801e+02
4.920190839193427337e+02
4.932436382859019091e+02
4.945111230624259520e+02
4.958205302144266398e+02
4.971708517074159772e+02
4.985610498588325754e+02
4.999902055784078811e+02
5.014573701278001181e+02
5.029615354725211205e+02
5.045016935780828931e+02
5.060767771138508238e+02
5.076859559337759151e+02
5.093282812995163908e+02
5.110025672881450305e+02
5.127079837536128935e+02
5.144435226614316434e+02
5.162081166809670094e+02
5.180009949623162129e+02
5.198209122864057008e+02
5.216670385071864757e+02
5.235383655901703150e+02
5.254338855008691098e+02
5.273527087970876437e+02
5.292937088520448015e+02
5.312559962235452531e+02
5.332386221732473359e+02
5.352404600743701621e+02
5.372606204847182880e+02
5.392981546659500509e+02
5.413521138797234471e+02
5.434213714992579298e+02
5.455049787862116091e+02
5.476021055945353737e+02
5.497115660013020033e+02
5.518324705643162815e+02
5.539638705452363183e+02
5.561046986134275585e+02
5.582541246228411183e+02
5.604110219466959961e+02
5.625743825505041968e+02
5.647433762882166093e+02
5.669168765330524593e+02
5.690939938428161895e+02
5.712736608868734720e+02
5.734550475191751957e+02
5.756370271129405864e+02
5.778186509298277542e+02
5.799989109353485901e+02
5.821769769834540966e+02
5.843519003358026112e+02
5.865227915501985763e+02
5.886887018883002156e+02
5.908487419079121992e+02
5.930020814629855295e+02
5.951476532228856513e+02
5.972846863377098998e+02
5.994121727729701661e+02
6.015293416787636716e+02
6.036351850206024210e+02
6.057288133562909707e+02
6.078092779474874305e+02
6.098757486481429169e+02
6.119272767199156533e+02
6.139629727206101961e+02
6.159819472080311016e+02
6.179832514438367070e+02
6.199659366896851225e+02
6.219292320956737967e+02
6.238721296273145072e+02
6.257937398424118101e+02
6.276931140026241565e+02
6.295694812580485404e+02
6.314218335741971941e+02
6.332492222127280002e+02
6.350508170275921884e+02
6.368256692804478689e+02
6.385728895290997116e+02
6.402915883313521590e+02
6.419808169488636622e+02
6.436396859394386638e+02
6.452673058608818337e+02
6.468627872709976145e+02
6.484251814314444573e+02
6.499535989000269183e+02
6.514470909384031074e+02
6.529048866966703599e+02
6.543259188441943479e+02
6.557092979387795140e+02
6.570541938343768607e+02
6.583596577926446116e+02
6.596248596675337694e+02
6.608487321284097789e+02
6.620304450292236425e+02
6.631692275200726954e+02
6.642639529741760498e+02
6.653138505416310409e+02
6.663179714840958923e+02
6.672755449516679391e+02
6.681864523520545163e+02
6.690505750929627311e+02
6.698678538782463647e+02
6.706383480040517497e+02
6.713619981742325535e+02
6.720387450926423298e+02
6.726685294631347460e+02
6.732514105818562484e+02
6.737872105603677255e+02
6.742759886948153962e+02
6.747176856890530416e+02
6.751123015430806618e+02
6.754597176646054777e+02
6.757599933497739357e+02
6.760129507101469244e+02
6.762187083380169952e+02
6.763771476410917103e+02
6.764882093232245097e+02
6.765519526805617261e+02
6.765683184169571405e+02
6.765371879401180877e+02
6.764585612500443403e+02
6.763324383467360121e+02
6.761587599340467705e+02
6.759375260119766153e+02
6.756686179882327679e+02
6.753519765666688954e+02
6.749877796357241095e+02
6.745757307146666335e+02
6.741158890996426862e+02
6.736083733829450466e+02
6.730528870838420517e+02
6.724495487946262529e+02
6.717982992191514313e+02
6.710990790612710271e+02
6.703518883209852675e+02
6.695566084060012599e+02
6.687132986124654508e+02
6.678218996442315074e+02
6.668823522051529835e+02
6.658945969990835465e+02
6.648586340260231964e+02
6.637744632859720468e+02
6.626419661866370916e+02
6.614611427280186717e+02
6.602319929101165599e+02
6.589543981406380908e+02
6.576284177157297108e+02
6.562539923392449737e+02
6.548311220111838793e+02
6.533603996930099811e+02
6.518425369384797250e+02
6.502782453013493296e+02
6.486681177430824619e+02
6.470128658174354541e+02
6.453131417820183060e+02
6.435696571905871224e+02
6.417830643007521303e+02
6.399540746662695483e+02
6.380833405447492623e+02
6.361715141938013858e+02
6.342193071671821372e+02
6.322273124263550699e+02
6.301963601173694087e+02
6.281269246093958145e+02
6.260198953446299583e+02
6.238758059883888336e+02
6.216954273905752189e+02
6.194793525126527811e+02
6.172282336122314064e+02
6.149428415392137595e+02
6.126238285512098400e+02
6.102718469058295341e+02
6.078875488606829549e+02
6.054716459695264348e+02
6.030247904899697460e+02
6.005476939757693344e+02
5.980410086845351998e+02
5.955054461700235606e+02
5.929416586898444166e+02
5.903502392054614347e+02
5.877319585667771662e+02
5.850875283275481706e+02
5.824174821530914414e+02
5.797226501894560897e+02
5.770036253981057826e+02
5.742611193327967385e+02
5.714957249549927383e+02
5.687082131145963331e+02
5.658992360692174088e+02
5.630694460764661926e+02
5.602195546900986756e+02
5.573501548715787521e+02
5.544620767669553061e+02
5.515558540415456719e+02
5.486321982491059543e+02
5.456917616472463806e+02
5.427353150858696154e+02
5.397634515264390984e+02
5.367768825227111620e+02
5.337764382207350309e+02
5.307627708781204774e+02
5.277368292332093915e+02
5.246993248397581056e+02
5.216510285476691706e+02
5.185927112068453653e+02
5.155253215556284658e+02
5.124494525554820257e+02
5.093659936486014885e+02
5.062757749810358519e+02
5.031794488103951721e+02
5.000779045788747226e+02
4.969719724325236143e+02
4.938623639250981796e+02
4.907498795545743064e+02
4.876353494670009354e+02
4.845195445122809019e+02
4.814032058922435340e+02
4.782871934010112227e+02
4.751722482404133530e+02
4.720592302045722022e+02
4.689488804953172689e+02
4.658419699625512749e+02
4.627392694561767712e+02
4.596416684183893153e+02
4.565498784029451258e+02
4.534647295558933138e+02
4.503869630790633778e+02
4.473174387665774816e+02
4.442568681721920143e+02
4.412061110900291396e+02
4.381659087219184130e+02
4.351371208619819981e+02
4.321204294159031178e+02
4.291166941778039927e+02
4.261267749418067865e+02
4.231512943174482757e+02
4.201911417469239041e+02
4.172471177282095596e+02
4.143199931112078502e+02
4.114105683938947209e+02
4.085195847780996132e+02
4.056479020579447479e+02
4.027962614352596802e+02
3.999655227041666308e+02
3.971563677703487087e+02
3.943696564279281347e+02
3.916061595268076303e+02
3.888667072130361930e+02
3.861519517442238225e+02
3.834623081933950175e+02
3.807981026893547778e+02
3.781595724166885475e+02
3.755470435042012696e+02
3.729608420806980007e+02
3.704012349788372376e+02
3.678685483274240937e+02
3.653630786071902889e+02
3.628851519469408800e+02
3.604350055312611971e+02
3.580130247851026866e+02
3.556194468930507355e+02
3.532545979839103438e+02
3.509187745384132882e+02
3.486122730372914020e+02
3.463354196093496284e+02
3.440884810872466346e+02
3.418717835997873635e+02
3.396856236277036487e+02
3.375302976517272668e+02
3.354061318006632177e+02
3.333133632590969455e+02
3.312523774519797257e+02
3.292234412119702824e+02
3.272268213717271692e+02
3.252628737081285522e+02
3.233318354057599322e+02
3.214340918895725849e+02
3.195698803441519544e+02
3.177395565463762068e+02
3.159433280327576767e+02
3.141816098763208061e+02
3.124546392616510389e+02
3.107627423175533181e+02
3.091061858766864248e+02
3.074853257159283544e+02
3.059003990198646079e+02
3.043517615653733515e+02
3.028396801851131954e+02
3.013644810078891965e+02
2.999264605144330176e+02
2.985258855374033828e+02
2.971631118536784015e+02
2.958384359439899072e+02
2.945521246409965102e+02
2.933045040735032103e+02
2.920958707222417274e+02
2.909264914198707856e+02
2.897967219432684942e+02
2.887067401808739646e+02
2.876563089481017528e+02
2.866450724680736357e+02
2.856726749639115610e+02
2.847387903068104151e+02
2.838430627198921457e+02
2.829851364262785296e+02
2.821646852971646240e+02
2.813813535556722059e+02
2.806348150729963891e+02
2.799246844241857843e+02
2.792506354804353919e+02
2.786123421129402118e+02
2.780094188967489686e+02
2.774415397030566055e+02
2.769083487549850702e+02
2.764095495718024154e+02
2.759447270804842560e+02
2.755135551522255355e+02
2.751157076582212540e+02
2.747507991735201358e+02
2.744185628654635707e+02
2.741185836610269462e+02
2.738505057833321530e+02
2.736140031035741913e+02
2.734087791410212844e+02
2.732344188226488768e+02
2.730905960196520823e+02
2.729769846032257874e+02
2.728932287964918828e+02
2.728389431744990361e+02
2.728138609045886938e+02
2.728175669137361865e+02
2.728497647212097945e+02
2.729100392539850191e+02
2.729980940313300266e+02
2.731136029244398742e+02
2.732561805083631157e+02
2.734255006542948649e+02
2.736211779372837896e+02
2.738429158765979992e+02
2.740903290472862750e+02
2.743631209686166699e+02
2.746609062156379650e+02
2.749833883076183270e+02
2.753301225234600338e+02
2.757008420305044751e+02
2.760951910518734280e+02
2.765128138106888400e+02
2.769533545300724882e+02
2.774164277850730400e+02
2.779014999103732748e+02
2.784079779445095255e+02
2.789352392779450724e+02
2.794827205972894717e+02
2.800497696449327805e+02
2.806358527555577211e+02
2.812404066157738498e+02
2.818627196718249479e+02
2.825023175545400136e+02
2.831585480063091609e+02
2.838308180656687227e+02
2.845185347711552026e+02
2.852211051613048767e+02
2.859379659227274146e+02
2.866684944458859832e+02
2.874120681212438058e+02
2.881681532834836048e+02
2.889361273230687175e+02
2.897153972785354199e+02
2.905053701884201587e+02
2.913054234431861005e+02
2.921150233775160814e+02
2.929335473818733249e+02
2.937603728467209407e+02
2.945949661067418219e+02
2.954366749043258551e+02
2.962849062780096006e+02
2.971391265624756670e+02
2.979987131481873917e+02
2.988630434256078843e+02
2.997315244332736484e+02
3.006035928577941263e+02
3.014786260896327121e+02
3.023560608153988483e+02
3.032353040736289813e+02
3.041157332547862779e+02
3.049967850454804079e+02
3.058778368361745379e+02
3.067582956654050577e+02
3.076375982197815233e+02
3.085151218897672152e+02
3.093902737138984662e+02
3.102624903787848893e+02
3.111311196268165418e+02
3.119956277926761459e+02
3.128553922668269252e+02
3.137097904397321031e+02
3.145583182941475684e+02
3.154002939243902688e+02
3.162352133132160930e+02
3.170626613876005422e+02
3.178823416668117829e+02
3.186939280220448154e+02
3.194970350283483640e+02
3.202913958530637615e+02
3.210766250712396754e+02
3.218523965540711060e+02
3.226184138208262766e+02
3.233742914465538547e+02
3.241197625985952300e+02
3.248544418519990131e+02
3.255780030779602612e+02
3.262901497957471406e+02
3.269905262284814853e+02
3.276787765992851860e+02
3.283545747793531859e+02
3.290176242879537654e+02
3.296675693482087013e+02
3.303040838313130507e+02
3.309267823123154812e+02
3.315354276066304919e+02
3.321296046412336409e+02
3.327090465834662041e+02
3.332733680083769059e+02
3.338222427871608033e+02
3.343553744390860061e+02
3.348724071872744048e+02
3.353730149029209997e+02
3.358568418091476246e+02
3.363235617771493366e+02
3.367728783261943022e+02
3.372044060313311888e+02
3.376178484118282199e+02
3.380128793388803388e+02
3.383891430356094361e+02
3.387462837251374026e+02
3.390840345748055142e+02
3.394020398077356617e+02
3.396999139989764558e+02
3.399773606677961766e+02
3.402340833334629906e+02
3.404696965710255085e+02
3.406838742516788443e+02
3.408763198946911075e+02
3.410466480751109657e+02
3.411945919602798654e+02
3.413197661252464172e+02
3.414218740892787878e+02
3.415005304274257014e+02
3.415555276031748235e+02
3.415868952645994341e+02
3.415947520039921983e+02
3.415792757097921140e+02
3.415405256781456842e+02
3.414786797974919637e+02
3.413938863081967270e+02
3.412862045064064773e+02
3.411557826324870462e+02
3.410027985748775450e+02
3.408273116297243632e+02
3.406294996854664419e+02
3.404094516863235071e+02
3.401673455207345000e+02
3.399032701329190331e+02
3.396173441151697716e+02
3.393097453559258838e+02
3.389805627994068118e+02
3.386299150379053344e+02
3.382580096079337295e+02
3.378648465094919402e+02
3.374506332790922443e+02
3.370155181571005301e+02
3.365595900877364102e+02
3.360829676632925498e+02
3.355857991241348373e+02
3.350682327106292178e+02
3.345303277189219671e+02
3.339723213335986429e+02
3.333942432027323548e+02
3.327962415666889910e+02
3.321784943139076631e+02
3.315410903886079268e+02
3.308841483830824473e+02
3.302077868896240034e+02
3.295121837966716498e+02
3.287974280484448855e+02
3.280636975333828786e+02
3.273110515476319620e+02
3.265396383315579669e+02
3.257496357736000618e+02
3.249411031699045793e+02
3.241142184089105740e+02
3.232690704348376016e+02
3.224058371361247168e+02
3.215245778089183659e+02
3.206254999897307130e+02
3.197086629747081474e+02
3.187742150042166145e+02
3.178223339666951688e+02
3.168531384544365324e+02
3.158669842443188145e+02
3.148642567612934045e+02
3.138453710783848578e+02
3.128106533243980607e+02
3.117606075165771813e+02
3.106955301356539962e+02
3.096158362546529474e+02
3.085219409465986473e+02
3.074141999883692051e+02
3.062930284529891765e+02
3.051588414134830600e+02
3.040119353505826325e+02
3.028528142815320052e+02
3.016818043351361780e+02
3.004993205844195927e+02
2.993057188062604723e+02
2.981014437217565387e+02
2.968868214597127348e+02
2.956623263892998921e+02
2.944282549912499007e+02
2.931851112828067585e+02
2.919331620966291325e+02
2.906728521538147447e+02
2.894046261754612033e+02
2.881287806423003985e+02
2.868457602754299955e+02
2.855559504998013267e+02
2.842597663884389476e+02
2.829575340701478012e+02
2.816497279140988326e+02
2.803366444010237615e+02
2.790187282520203667e+02
2.776963945401130900e+02
2.763699693941069313e+02
2.750398975350996693e+02
2.737065347399694133e+02
2.723703257298138283e+02
2.710315966334379709e+02
2.696907625238662831e+02
2.683482088260501541e+02
2.670043506130141395e+02
2.656595733097094580e+02
2.643142326930144463e+02
2.629687438359534895e+02
2.616234921634779766e+02
2.602789223966856298e+02
2.589353310163081687e+02
2.575931627434434290e+02
2.562528030030426294e+02
2.549146372200571591e+02
2.535789618752188233e+02
2.522460438011862607e+02
2.509162387748376091e+02
2.495897839807582841e+02
2.482669907237167308e+02
2.469481851325178923e+02
2.456336340398204356e+02
2.443236042782829145e+02
2.430184516247835518e+02
2.417184280879443179e+02
2.404238301484970748e+02
2.391349542871735991e+02
2.378521118087422792e+02
2.365755695458617254e+02
2.353056536273369375e+02
2.340426160617899427e+02
2.327867978020623241e+02
2.315384508567760804e+02
2.302979161787728231e+02
2.290654309526379677e+02
2.278413213071764858e+02
2.266259133711933771e+02
2.254194295052375026e+02
2.242222254861869999e+02
2.230345681467005079e+02
2.218567391434732201e+02
2.206890646053101364e+02
2.195318113648698670e+02
2.183852907269208288e+02
2.172497991721947699e+02
2.161256035333503576e+02
2.150130299391925632e+02
2.139123600464165804e+02
2.128238755117176595e+02
2.117478728158275487e+02
2.106846780875512763e+02
2.096345581595474243e+02
2.085978095125478262e+02
2.075747286272842587e+02
2.065656119844885552e+02
2.055707412408558810e+02
2.045904277011546810e+02
2.036249530220801205e+02
2.026746136843640329e+02
2.017397209927747781e+02
2.008205417799710233e+02
1.999173873507210999e+02
1.990305541857568699e+02
1.981603239417734983e+02
1.973069338033564577e+02
1.964704282426154975e+02
1.956507924355140347e+02
1.948479967339789027e+02
1.940620114899368787e+02
1.932928367033880193e+02
1.925404427262591014e+02
1.918047999104769588e+02
1.910859082560416198e+02
1.903837232908432497e+02
1.896982301908453223e+02
1.890294141320112260e+02
1.883772602903043492e+02
1.877417390176515255e+02
1.871228354900161719e+02
1.865205200593251220e+02
1.859347779015417643e+02
1.853655941926294872e+02
1.848129392845151528e+02
1.842767983531621780e+02
1.837571417504973113e+02
1.832539546524840546e+02
1.827672222350857396e+02
1.822969296742658400e+02
1.818430324979145496e+02
1.814055307060318398e+02
1.809843946505446013e+02
1.805796095074161940e+02
1.801911308045368685e+02
1.798189881899797911e+02
1.794631075435620460e+02
1.791234888652835764e+02
1.788001321551444107e+02
1.784929929410347995e+02
1.782020415748815196e+02
1.779272928807212111e+02
1.776687023864440391e+02
1.774262404439768943e+02
1.771999070533197198e+02
1.769896725663993777e+02
1.767955221591792565e+02
1.766174261835861898e+02
1.764553698155835662e+02
1.763093234070981907e+02
1.761792869581301204e+02
1.760652159965695489e+02
1.759671105224164762e+02
1.758849260635611245e+02
1.758186774440401337e+02
1.757683053677070575e+02
1.757337653624522034e+02
1.757148350677266819e+02
1.757112772989450775e+02
1.757227807513389735e+02
1.757491230643595372e+02
1.757900225813115185e+02
1.758452272935729468e+02
1.759144703684851549e+02
1.759974701493529494e+02
1.760940042756274693e+02
1.762037910906134925e+02
1.763265637616524373e+02
1.764620554560856647e+02
1.766099993412545643e+02
1.767701730566102469e+02
1.769422652973843526e+02
1.771260537030280204e+02
1.773212417928094453e+02
1.775275923821431832e+02
1.777448386383706236e+02
1.779727137288331562e+02
1.782109508208721422e+02
1.784592979058655544e+02
1.787174733271181992e+02
1.789852399000446042e+02
1.792623159679495473e+02
1.795484643462476413e+02
1.798433885542070527e+02
1.801468514072423375e+02
1.804585860726948852e+02
1.807783257179060570e+02
1.811058035102172710e+02
1.814407822650430262e+02
1.817829655016515744e+02
1.821321012114208600e+02
1.824879373857288556e+02
1.828502220159535341e+02
1.832186734453996735e+02
1.835930248414086918e+02
1.839730093713218935e+02
1.843584046745905027e+02
1.847489142704826577e+02
1.851442861503763595e+02
1.855442534816129978e+02
1.859485494315339338e+02
1.863569368155537234e+02
1.867691191529405614e+02
1.871848592591090323e+02
1.876038903014004973e+02
1.880259306231197343e+02
1.884507430396813277e+02
1.888780607184266103e+02
1.893076316507336117e+02
1.897392038279802762e+02
1.901724955934713819e+02
1.906072697626214847e+02
1.910432891508451689e+02
1.914802721014471842e+02
1.919179666058055602e+02
1.923561058312616012e+02
1.927944674172665032e+02
1.932327548830884609e+02
1.936707458681786136e+02
1.941081587158417676e+02
1.945447562414924505e+02
1.949802567884354971e+02
1.954144379961219897e+02
1.958470182078567632e+02
1.962777602390543734e+02
1.967063824330196269e+02
1.971326624292036058e+02
1.975563185709111735e+02
1.979770988495202744e+02
1.983947512564088527e+02
1.988090237829548812e+02
1.992196495964997780e+02
1.996263766884214874e+02
2.000289530500979538e+02
2.004271118488705952e+02
2.008206159001539675e+02
2.012091983712894319e+02
2.015926072536549611e+02
2.019705608905553333e+02
2.023428369214417160e+02
2.027091685136554702e+02
2.030693036585745972e+02
2.034229606995038466e+02
2.037699172758944144e+02
2.041099065550876048e+02
2.044426617044248644e+02
2.047679307152841659e+02
2.050854615790434252e+02
2.053950022870806436e+02
2.056962860067371821e+02
2.059890607293910136e+02
2.062730744464201393e+02
2.065480603251659204e+02
2.068137811810428843e+02
2.070699553573558376e+02
2.073163456695193645e+02
2.075527297569846041e+02
2.077790186755320008e+02
2.079951383049786102e+02
2.082010589972512378e+02
2.083966918081303561e+02
2.085820219135794105e+02
2.087569603693787883e+02
2.089214775274553801e+02
2.090754844435896018e+02
2.092189662937448702e+02
2.093518489577382411e+02
2.094740583153867419e+02
2.095855647186172348e+02
2.096863088712833587e+02
2.097762166532021126e+02
2.098552435922637756e+02
2.099233452163585412e+02
2.099804622293400769e+02
2.100265353350619932e+02
2.100614904133413745e+02
2.100852978161050260e+02
2.100978982472065866e+02
2.100992175864631122e+02
2.100892113617648249e+02
2.100678499250385300e+02
2.100350295080281171e+02
2.099907204626603914e+02
2.099348783168256034e+02
2.098674289503408090e+02
2.097883278910962019e+02
2.096975010189088380e+02
2.095949186857055793e+02
2.094805067713034248e+02
2.093542208035926535e+02
2.092159718383536529e+02
2.090657598755865081e+02
2.089034959710716066e+02
2.087291356526992274e+02
2.085426048002863979e+02
2.083438737657599518e+02
2.081328684289369164e+02
2.079095294936709593e+02
2.076738273118888571e+02
2.074256729393711396e+02
2.071650367280445550e+02
2.068918593817627709e+02
2.066060667803428430e+02
2.063076144516749935e+02
2.059964727476860560e+02
2.056725379001198917e+02
2.053358247330130837e+02
2.049864221905851593e+02
2.046245229853118417e+02
2.042502308854492128e+02
2.038637237794363557e+02
2.034651647316757703e+02
2.030546723344602071e+02
2.026324096521921092e+02
2.021985397492740049e+02
2.017532108660717540e+02
2.012965712429513019e+02
2.008287691202785084e+02
2.003499527384192902e+02
1.998602703377395926e+02
1.993598998066784134e+02
1.988489597375285314e+02
1.983276280187290297e+02
1.977960380666091851e+02
1.972543381215348859e+02
1.967026912479086889e+02
1.961412456860964539e+02
1.955701645005006526e+02
1.949895662834140353e+02
1.943996437473122683e+02
1.938005154844880735e+02
1.931923445593439510e+02
1.925752792122457606e+02
1.919494825075960307e+02
1.913150878617240664e+02
1.906722583390323393e+02
1.900211421798867946e+02
1.893619024486898468e+02
1.886946725617708864e+02
1.880196007594957734e+02
1.873368649303035909e+02
1.866465836664870608e+02
1.859489348564852662e+02
1.852440519166275408e+02
1.845320830872797444e+02
1.838132062568809602e+02
1.830875400177239385e+02
1.823552622582477625e+02
1.816165212188182920e+02
1.808714503157648892e+02
1.801202126134899970e+02
1.793629563523595323e+02
1.785998445967759949e+02
1.778310107630686900e+02
1.770566030916035345e+02
1.762767994708195829e+02
1.754917481410827520e+02
1.747016269908321249e+02
1.739066583806165340e+02
1.731070498469482573e+02
1.723029941023029608e+02
1.714946986831928939e+02
1.706823711261303345e+02
1.698662189676275318e+02
1.690464497441967637e+02
1.682232709923502796e+02
1.673968754245637456e+02
1.665674557533128279e+02
1.657352491631829992e+02
1.649004335426133139e+02
1.640632312521526046e+02
1.632238350042765944e+02
1.623824671595340874e+02
1.615393056063641950e+02
1.606945727053157498e+02
1.598484908169376126e+02
1.590012230056322551e+02
1.581530064559851496e+02
1.573040190564353509e+02
1.564544979915683030e+02
1.556046359738597005e+02
1.547546108917485981e+02
1.539046747538570230e+02
1.530550054486240867e+02
1.522057956885254271e+02
1.513572678341099333e+02
1.505096294218898265e+02
1.496630731643408012e+02
1.488178214220117184e+02
1.479740669073782158e+02
1.471320171569525712e+02
1.462918648832104509e+02
1.454538324467007158e+02
1.446181125598990320e+02
1.437849127593176490e+02
1.429544554055054277e+02
1.421269183869014796e+02
1.413025092400179972e+02
1.404814651494404814e+02
1.396639491795714036e+02
1.388501836909595966e+02
1.380403910441539495e+02
1.372347343035569338e+02
1.364334654777905484e+02
1.356367624552939333e+02
1.348448327725793092e+02
1.340578691421223425e+02
1.332759753321792004e+02
1.324992551110059935e+02
1.317277974228222490e+02
1.309616912118475227e+02
1.302010402463379535e+02
1.294459334705130402e+02
1.286964598285923671e+02
1.279527527369052535e+02
1.272148418435248374e+02
1.264828753888170354e+02
1.257569274929648060e+02
1.250370871001876765e+02
1.243234579787417999e+02
1.236161364848649811e+02
1.229151967387402067e+02
1.222207647446784620e+02
1.215329146228627053e+02
1.208517427295307698e+02
1.201773528329387943e+02
1.195098264652880289e+02
1.188492599828162923e+02
1.181957645657980152e+02
1.175494069223978642e+02
1.169102982328902556e+02
1.162785496775496057e+02
1.156542205525222897e+02
1.150374294501010297e+02
1.144282579024870614e+02
1.138268096779365237e+02
1.132331811326872355e+02
1.126474463869221694e+02
1.120697240329340332e+02
1.115000956029240626e+02
1.109386648651484109e+02
1.103855207638266052e+02
1.098407596551964929e+02
1.093044704834775871e+02
1.087767496049077494e+02
1.082576859637065070e+02
1.077473981521665962e+02
1.072459528784526555e+02
1.067534613228391152e+02
1.062699976055089195e+02
1.057956951427913879e+02
1.053306058188145897e+02
1.048748408138529413e+02
1.044285038961625816e+02
1.039916765979447462e+02
1.035644626874555740e+02
1.031469214608414120e+02
1.027390306820473853e+02
1.023407162308905498e+02
1.019519188112245445e+02
1.015725865389212856e+02
1.012026527058161349e+02
1.008420431917261340e+02
1.004907209365598106e+02
1.001486044081159150e+02
9.981564172226639187e+01
9.949177358286488015e+01
9.917692586972842150e+01
9.887106152276554383e+01
9.857409159775670560e+01
9.828597162259214315e+01
9.800664230112549546e+01
9.773602951317378995e+01
9.747408878662729137e+01
9.722073858928472134e+01
9.697593444903634463e+01
9.673960965771746601e+01
9.651169750716347551e+01
9.629213870122796948e+01
9.608088135578290689e+01
9.587785876266362095e+01
9.568300421370547326e+01
9.549626582478038017e+01
9.531756947570541172e+01
9.514687069437077582e+01
9.498409536059352831e+01
9.482918417822732238e+01
9.468208526314407436e+01
9.454272449516084009e+01
9.441104999014955013e+01
9.428698762792727450e+01
9.417049293638422114e+01
9.406149179533746008e+01
9.395993232065889345e+01
9.386574780418389707e+01
9.377888636178438730e+01
9.369926646125914260e+01
9.362685104251664825e+01
9.356155857335569692e+01
9.350333716964820496e+01
9.345212753524781135e+01
9.340786296198986349e+01
9.337048415372801458e+01
9.333993181431588937e+01
9.331613923558882107e+01
9.329905453341876864e+01
9.328860358762277372e+01
9.328464556985322531e+01
9.328705447579910981e+01
9.329568947711283045e+01
9.331040974544676203e+01
9.333108186447161359e+01
9.335756500583977413e+01
9.338972575322192426e+01
9.342740845423386986e+01
9.347048710456461151e+01
9.351882828788482982e+01
9.357228376382860802e+01
9.363072011606665512e+01
9.369399651625136016e+01
9.376197213603512637e+01
9.383451355908862013e+01
9.391148736908255046e+01
9.399273791363272323e+01
9.407814660044638799e+01
9.416755777713939324e+01
9.426083802738239115e+01
9.435786134686439652e+01
9.445847208320118682e+01
9.456253682006347105e+01
9.466991472910362404e+01
9.478047980601064637e+01
9.489408381041863549e+01
9.501059332599827201e+01
9.512986011238366757e+01
9.525175075324550278e+01
9.537613183225447244e+01
9.550285510904467401e+01
9.563179457930507965e+01
9.576280200266981524e+01
9.589574396280954716e+01
9.603047963137667864e+01
9.616686818002359871e+01
9.630476878040271060e+01
9.644404801618469492e+01
9.658457247104024646e+01
9.672619390460346267e+01
9.686878631256332994e+01
9.701219404253565415e+01
9.715629109020940746e+01
9.730093662723699310e+01
9.744598982527081432e+01
9.759130985596324592e+01
9.773676330298499693e+01
9.788220933798845635e+01
9.802751454464430481e+01
9.817253809460494551e+01
9.831718363163253116e+01
9.846135479948924285e+01
9.860495524193723327e+01
9.874788860273866931e+01
9.889006593767400943e+01
9.903138347848712897e+01
9.917175228095848638e+01
9.931106116481365120e+01
9.944923600986967926e+01
9.958617304787043167e+01
9.972177592257808953e+01
9.985594827775479132e+01
9.998859375716271813e+01
1.001196160045640369e+02
1.002489334877574976e+02
1.003764276144503782e+02
1.005020242644597346e+02
1.006256122575111362e+02
1.007471026493850417e+02
1.008663990838436177e+02
1.009834126166673229e+02
1.010980320675817268e+02
1.012101759043855935e+02
1.013197477708410759e+02
1.014266438986920633e+02
1.015307827557372917e+02
1.016320531617023448e+02
1.017303661723676811e+02
1.018256254314954532e+02
1.019177345828478423e+02
1.020066120942235983e+02
1.020921393733299993e+02
1.021742348879657953e+02
1.022527948698748617e+02
1.023277303748376568e+02
1.023989524586346391e+02
1.024663573530096699e+02
1.025298487017249442e+02
1.025893301485425866e+02
1.026447053372247922e+02
1.026958927355702968e+02
1.027427811633046844e+02
1.027852742641901074e+02
1.028232830940070386e+02
1.028567187085359365e+02
1.028854773395206763e+02
1.029094626307234108e+02
1.029285782259062927e+02
1.029427351808498088e+02
1.029518519633527092e+02
1.029559211613966738e+02
1.029549501870000370e+02
1.029489464521810476e+02
1.029379247809763314e+02
1.029218925854041800e+02
1.029008498654645791e+02
1.028748188572124178e+02
1.028437995606476960e+02
1.028078067998070111e+02
1.027668479867086546e+02
1.027209379453892097e+02
1.026700692638303991e+02
1.026142641780870832e+02
1.025535375121958737e+02
1.024878818541384504e+02
1.024173194399697309e+02
1.023418502696897008e+02
1.022614891673349291e+02
1.021762509569420416e+02
1.020861282264927183e+02
1.019911432120418624e+02
1.018912959135894596e+02
1.017866085671903988e+02
1.016770811728446802e+02
1.015627211425705951e+02
1.014435507124230327e+02
1.013195550583654096e+02
1.011907638284708923e+02
1.010571844347577866e+02
1.009188168772260923e+02
1.007756759799123927e+02
1.006277617428167019e+02
1.004751038140121722e+02
1.003176947814805402e+02
1.001555420572400692e+02
9.998866787734567652e+01
9.981707224179733373e+01
9.964076997463165242e+01
9.945975366383034100e+01
9.927405295746655156e+01
9.908367526755860411e+01
9.888861318208819284e+01
9.868888893711019250e+01
9.848450994464292307e+01
9.827548361670467614e+01
9.806181736531372906e+01
9.784353342652497076e+01
9.762061697630181811e+01
9.739310507473574319e+01
9.716099772182674599e+01
9.692436162573949332e+01
9.668330055473009566e+01
9.643788121696321980e+01
9.618818514464011571e+01
9.593430869399860228e+01
9.567631857320336053e+01
9.541428890243730621e+01
9.514832344995660662e+01
9.487849633594417753e+01
9.460488909260128310e+01
9.432758325212917327e+01
9.404666034672908381e+01
9.376220190860226467e+01
9.347428946994996579e+01
9.318300456297342294e+01
9.288842871987388605e+01
9.259064347285259089e+01
9.228974517814738476e+01
9.198579313190462869e+01
9.167888369036215579e+01
9.136909097370289601e+01
9.105650392614643351e+01
9.074120407989397563e+01
9.042326555512848074e+01
9.010277729606950459e+01
8.977982083491828291e+01
8.945447770387605146e+01
8.912682943514407441e+01
8.879695756092357328e+01
8.846494361341581225e+01
8.813086912482204127e+01
8.779481562734349609e+01
8.745687206519970402e+01
8.711711255857363767e+01
8.677561863966653277e+01
8.643247925269793086e+01
8.608776851785077611e+01
8.574157537934461004e+01
8.539397395736240526e+01
8.504505319612367487e+01
8.469489462782966882e+01
8.434357237266334550e+01
8.399118278686253802e+01
8.363779999061020476e+01
8.328350551610756725e+01
8.292837348353759808e+01
8.257250024913813036e+01
8.221595993309209405e+01
8.185882665558247595e+01
8.150120418486537233e+01
8.114314440506886683e+01
8.078474367243077836e+01
8.042606869511578793e+01
8.006720100532511708e+01
7.970820731122344682e+01
7.934917655703029027e+01
7.899017545091030001e+01
7.863128552506475444e+01
7.827258089967658350e+01
7.791413569492873137e+01
7.755603885504073958e+01
7.719834967615899757e+01
7.684114969048471266e+01
7.648452784223744061e+01
7.612854342756354242e+01
7.577328539068254543e+01
7.541882043975913064e+01
7.506523010699453380e+01
7.471258851257169908e+01
7.436097718869186224e+01
7.401047025553799585e+01
7.366114183329304410e+01
7.331306604213995115e+01
7.296632441427995275e+01
7.262099848191431306e+01
7.227715495320768468e+01
7.193486794834301179e+01
7.159422641153983591e+01
7.125530446298110121e+01
7.091816139881318293e+01
7.058288616325560838e+01
7.024956770052791910e+01
6.991825789475819874e+01
6.958905310218425200e+01
6.926202003097075988e+01
6.893723280130065234e+01
6.861478035739349934e+01
6.829471458337732770e+01
6.797714665952659630e+01
6.766212846996934616e+01
6.734973413488854987e+01
6.704006001052202635e+01
6.673316539301613659e+01
6.642913181457213057e+01
6.612804080739125823e+01
6.582995907963815796e+01
6.553496816351410814e+01
6.524314959122031610e+01
6.495457007092144863e+01
6.466930372280047834e+01
6.438736537089397416e+01
6.410877725125682502e+01
6.383354677590731541e+01
6.356169618090034845e+01
6.329322546623591705e+01
6.302814945595061857e+01
6.276649038609932063e+01
6.250824825668203744e+01
6.225345271577194239e+01
6.200210005735989682e+01
6.175422363552821992e+01
6.150981233224946720e+01
6.126889579559682630e+01
6.103147773157944300e+01
6.079758037625219913e+01
6.056721484764253916e+01
6.034038855776875465e+01
6.011711633066744298e+01
5.989740928436604150e+01
5.968128594891029337e+01
5.946876114833677462e+01
5.925984229466379816e+01
5.905454421192794712e+01
5.885287431214750598e+01
5.865485853738652366e+01
5.846049688764499308e+01
5.826981530498694895e+01
5.808281008340323837e+01
5.789951087096704185e+01
5.771992137368751230e+01
5.754405270959208707e+01
5.737192711473566220e+01
5.720355200113651506e+01
5.703894219283125011e+01
5.687810880784731182e+01
5.672106296421212335e+01
5.656782319197144204e+01
5.641839690314355238e+01
5.627280262777419750e+01
5.613104777788167610e+01
5.599315088351170999e+01
5.585912306269175787e+01
5.572897913945840287e+01
5.560272652582993658e+01
5.548038375185210214e+01
5.536196934757063559e+01
5.524747590096724537e+01
5.513693676612425776e+01
5.503035564905081145e+01
5.492773625575606644e+01
5.482904523215768933e+01
5.473422698811846487e+01
5.464324446354692100e+01
5.455604206830584246e+01
5.447257162427631272e+01
5.439279607136686678e+01
5.431665240742197653e+01
5.424410357235018409e+01
5.417509768202342002e+01
5.410958655832276065e+01
5.404752572913843522e+01
5.398886701635153429e+01
5.393356224184314129e+01
5.388156322749432547e+01
5.383282179518618449e+01
5.378728606079064178e+01
5.374491896421622528e+01
5.370566120931658105e+01
5.366946832398192413e+01
5.363629954211165085e+01
5.360610668558683045e+01
5.357883787027940059e+01
5.355444121206129182e+01
5.353286853281359470e+01
5.351408277244483003e+01
5.349802834081778968e+01
5.348465705981355001e+01
5.347393186934063181e+01
5.346579347325268827e+01
5.346019369343078864e+01
5.345709546978346083e+01
5.345643580015520513e+01
5.345818503647283393e+01
5.346228017658084042e+01
5.346868045437859962e+01
5.347733769174720209e+01
5.348820371056772416e+01
5.350123403873038797e+01
5.351637308609799959e+01
5.353358379257906563e+01
5.355280686202723928e+01
5.357399411632358976e+01
5.359711590739495080e+01
5.362211293909495424e+01
5.364892962128638487e+01
5.367752889387777770e+01
5.370786257875020198e+01
5.373987879177560245e+01
5.377352935483505547e+01
5.380876979581879738e+01
5.384554081858046004e+01
5.388377571495539797e+01
5.392342260081553462e+01
5.396441847400537029e+01
5.400670403837853684e+01
5.405021999778868036e+01
5.409490335008029405e+01
5.414070221112530845e+01
5.418754616674992519e+01
5.423537962681692903e+01
5.428414700118910474e+01
5.433378528771095262e+01
5.438423519023609742e+01
5.443543370660904657e+01
5.448732524669257771e+01
5.453984310232204535e+01
5.459293538936937296e+01
5.464654281168820660e+01
5.470059495510474790e+01
5.475504734750921187e+01
5.480982586871866147e+01
5.486487863460502723e+01
5.492013893700365657e+01
5.497555859779562581e+01
5.503106720280713660e+01
5.508660916190097367e+01
5.514212147292163024e+01
5.519755225174104396e+01
5.525283108418540934e+01
5.530790238011751114e+01
5.536271425540928703e+01
5.541718888386863995e+01
5.547128549939495201e+01
5.552493739382355642e+01
5.557807415298065479e+01
5.563065501076562214e+01
5.568260214098636851e+01
5.573386736552397736e+01
5.578438768222292765e+01
5.583410008892771970e+01
5.588295640751943694e+01
5.593087881180598231e+01
5.597781541765928637e+01
5.602371434095128677e+01
5.606850146149902514e+01
5.611212489517445334e+01
5.615453275784948772e+01
5.619564722333204543e+01
5.623542011350319569e+01
5.627379954423488329e+01
5.631074474942648322e+01
5.634623719903225236e+01
5.638025095098816308e+01
5.641275635722103488e+01
5.644373859369427748e+01
5.647316430632556461e+01
5.650100755305086153e+01
5.652725350983357089e+01
5.655186141057308902e+01
5.657481643123280435e+01
5.659609633575784926e+01
5.661566406405673746e+01
5.663350108608374001e+01
5.664958887179311375e+01
5.666389777311167819e+01
5.667639814196625281e+01
5.668706774230194867e+01
5.669587692604559948e+01
5.670280716315145497e+01
5.670783621756464044e+01
5.671093814722110693e+01
5.671207589202939658e+01
5.671123092194376625e+01
5.670838100090931988e+01
5.670350389287118986e+01
5.669656624374703568e+01
5.668754952349112841e+01
5.667642037802113464e+01
5.666316398330046411e+01
5.664775439726508921e+01
5.663015826583267653e+01
5.661035335294835136e+01
5.658831742255721053e+01
5.656402823860438644e+01
5.653745244700753858e+01
5.650856781171179222e+01
5.647735209666225842e+01
5.644377565378574957e+01
5.640781995303654384e+01
5.636945534634144650e+01
5.632865959764557573e+01
5.628540305887575812e+01
5.623966719998625052e+01
5.619141125487642796e+01
5.614063522354629754e+01
5.608729092787693560e+01
5.603136724984090478e+01
5.597283824737417035e+01
5.591166686038525313e+01
5.584785308887416022e+01
5.578139693284088452e+01
5.571232062834030785e+01
5.564065011743647915e+01
5.556640763618426604e+01
5.548960800862027298e+01
5.541027717680852049e+01
5.532843737680390461e+01
5.524410713865215428e+01
5.515730499239901263e+01
5.506805688010850020e+01
5.497637762581722853e+01
5.488230058360750974e+01
5.478582945948848959e+01
5.468700131355165439e+01
5.458582726382443440e+01
5.448233325237087854e+01
5.437654151524585444e+01
5.426846687648595946e+01
5.415813527815522832e+01
5.404556525029940417e+01
5.393078644099165331e+01
5.381380626225027441e+01
5.369465436214845511e+01
5.357334927073192432e+01
5.344991322405557810e+01
5.332436104615599248e+01
5.319672979712465377e+01
5.306702688897985354e+01
5.293527455777647361e+01
5.280149503956940293e+01
5.266571427642266912e+01
5.252794709237286952e+01
5.238822313549318466e+01
5.224655352381105189e+01
5.210296419939049883e+01
5.195747369227727575e+01
5.181010794453541024e+01
5.166088178020148547e+01
5.150982114133954326e+01
5.135694455799531966e+01
5.120227797223284227e+01
5.104583620808870137e+01
5.088764520762693877e+01
5.072772350089328341e+01
5.056609332394262424e+01
5.040277320682069018e+01
5.023778167957323149e+01
5.007114839027342157e+01
4.990289186896700357e+01
4.973303435170885223e+01
4.956161660459959961e+01
4.938867939373986360e+01
4.921426348523026917e+01
4.903841335118057998e+01
4.886116975769143522e+01
4.868258088288173013e+01
4.850268378684295811e+01
4.832151923567573704e+01
4.813913540749897635e+01
4.795556565639501656e+01
4.777086186649191291e+01
4.758506109788114458e+01
4.739820782267248234e+01
4.721034651297569695e+01
4.702151422888226051e+01
4.683175544250194378e+01
4.664111462594452462e+01
4.644962513329231513e+01
4.625734626069169053e+01
4.606430395020667135e+01
4.587054637995618833e+01
4.567612172805914383e+01
4.548106705460702415e+01
4.528541941969130846e+01
4.508923070744005202e+01
4.489253797794472689e+01
4.469538570331511806e+01
4.449781094364269052e+01
4.429986558305550659e+01
4.410158297563589969e+01
4.390301129950279346e+01
4.370419502676594448e+01
4.350516380549854034e+01
4.330597322583779629e+01
4.310666034787517731e+01
4.290726964372046837e+01
4.270783817346512734e+01
4.250841411522809210e+01
4.230903823510996631e+01
4.210974759320223626e+01
4.191059407363296430e+01
4.171161473649362961e+01
4.151285034788484296e+01
4.131434908592553512e+01
4.111614801070717817e+01
4.091828788833038999e+01
4.072081319090494134e+01
4.052377209654975587e+01
4.032720166535630568e+01
4.013113525140691706e+01
3.993561362080220789e+01
3.974066271560621999e+01
3.954630106586468941e+01
3.935256943767823401e+01
3.915947894907430538e+01
3.896707036615351427e+01
3.877536221896160384e+01
3.858438415557175460e+01
3.839416582405714706e+01
3.820473687249096173e+01
3.801611212490978176e+01
3.782833234741424633e+01
3.764141977605922307e+01
3.745540035290874670e+01
3.727030002002685904e+01
3.708615213149588641e+01
3.690297521736156483e+01
3.672080263170621350e+01
3.653966031659387426e+01
3.635957792009772760e+01
3.618057767827265536e+01
3.600268923919183095e+01
3.582593854491930330e+01
3.565035524352823870e+01
3.547596527708267899e+01
3.530279458764664469e+01
3.513086911728418471e+01
3.496022222007761115e+01
3.479087983809097295e+01
3.462286050136999194e+01
3.445620127000614730e+01
3.429092438005432797e+01
3.412705947958771446e+01
3.396462880466118861e+01
3.380366570935708381e+01
3.364419613573942058e+01
3.348624602587224786e+01
3.332984132181958614e+01
3.317501167165461595e+01
3.302178301744137912e+01
3.287018130124389614e+01
3.272023617113535465e+01
3.257197356917978937e+01
3.242541943744122790e+01
3.228060342399285076e+01
3.213755517690783847e+01
3.199629693224107996e+01
3.185685463205660284e+01
3.171925792442759118e+01
3.158352904540892325e+01
3.144967540701890485e+01
3.131768959723923018e+01
3.118756420405161123e+01
3.105930849247891601e+01
3.093290949148912716e+01
3.080837461310053627e+01
3.068569459229027885e+01
3.056486572304920557e+01
3.044589171138646577e+01
3.032876514528376433e+01
3.021348787774567413e+01
3.010005249675389649e+01
2.998846270831758432e+01
2.987871295342301536e+01
2.977079952606104030e+01
2.966472242623165911e+01
2.956047794792572603e+01
2.945806238513409170e+01
2.935747573785675613e+01
2.925871800609372286e+01
2.916178177782669323e+01
2.906666890606024012e+01
2.897337012577149906e+01
2.888189284897876163e+01
2.879222966366373626e+01
2.870437686381727005e+01
2.861833259643479010e+01
2.853409500851173064e+01
2.845166595305265389e+01
2.837103431203012605e+01
2.829220749746243868e+01
2.821517624432672378e+01
2.813994055262297778e+01
2.806649856934663489e+01
2.799484844149311158e+01
2.792498461004869625e+01
2.785690707501338181e+01
2.779061213037802247e+01
2.772609977614261823e+01
2.766336630629802329e+01
2.760240986783966122e+01
2.754322675475838977e+01
2.748581511404962896e+01
2.743017309270880943e+01
2.737630069073592765e+01
2.732418864310811557e+01
2.727384436184366834e+01
2.722525487591057214e+01
2.717842759732712210e+01
2.713334770205672442e+01
2.708999480704907015e+01
2.704833741122640589e+01
2.700834401351097469e+01
2.696998311282502314e+01
2.693323062010909652e+01
2.689805132827629208e+01
2.686441188324427998e+01
2.683229004895817482e+01
2.680165061833107742e+01
2.677246764929895662e+01
2.674470222876575676e+01
2.671833397368117602e+01
2.669332767695830455e+01
2.666965183751938895e+01
2.664728051330040515e+01
2.662617849721443974e+01
2.660632355320661802e+01
2.658767491517631143e+01
2.657021034706863816e+01
2.655389834780584124e+01
2.653870556330559793e+01
2.652460234549472062e+01
2.651156275230918169e+01
2.649955342966665128e+01
2.648854472949395245e+01
2.647850329770875533e+01
2.646940133924245231e+01
2.646121105902643933e+01
2.645390095598296298e+01
2.644744138203884276e+01
2.644179713010717236e+01
2.643694411112850062e+01
2.643284897102049413e+01
2.642948391471454883e+01
2.642681558812833487e+01
2.642481434318867528e+01
2.642345238482696246e+01
2.642269821196544299e+01
2.642252032352636348e+01
2.642288907143653987e+01
2.642377851363194452e+01
2.642515344302567470e+01
2.642698235853997346e+01
2.642923931811081317e+01
2.643189467366500622e+01
2.643491136511108763e+01
2.643826530338958847e+01
2.644192869343190821e+01
2.644586447514657124e+01
2.645005041247869215e+01
2.645447353439625360e+01
2.645913569390383202e+01
2.646402577297397940e+01
2.646914562461127574e+01
2.647448413078827301e+01
2.648003758549582898e+01
2.648580228272479076e+01
2.649177266346143966e+01
2.649794316869205701e+01
2.650431194541206281e+01
2.651087158160316903e+01
2.651761466524707700e+01
2.652454304934835960e+01
2.653164746888414882e+01
2.653892051183615308e+01
2.654636217820436528e+01
2.655396876197964673e+01
2.656172543912540007e+01
2.656964147466449333e+01
2.657770019155577046e+01
2.658590344280380080e+01
2.659424011038113989e+01
2.660271204729236416e+01
2.661131369452375139e+01
2.662003393404785712e+01
2.662887461886926133e+01
2.663782648396508890e+01
2.664688767633076694e+01
2.665604707793885453e+01
2.666531210080764680e+01
2.667466421489140771e+01
2.668410712619927949e+01
2.669363527571754702e+01
2.670323939842333871e+01
2.671291764131207813e+01
2.672266444537004659e+01
2.673247239857895252e+01
2.674234520694793815e+01
2.675226619343584034e+01
2.676223906405180841e+01
2.677225455377297436e+01
2.678231080959476174e+01
2.679240227250345185e+01
2.680252153048074604e+01
2.681266487751749850e+01
2.682282860760456344e+01
2.683300716172822220e+01
2.684319498087474543e+01
2.685338835903499088e+01
