# a
1.000000000000000000e+00
9.900990099009900902e-01
9.803921568627450567e-01
9.708737864077670032e-01
9.615384615384614531e-01
9.523809523809523281e-01
9.433962264150942412e-01
9.345794392523364413e-01
9.259259259259258190e-01
9.174311926605503986e-01
9.090909090909090606e-01
9.009009009009008029e-01
8.928571428571427937e-01
8.849557522123894238e-01
8.771929824561403022e-01
8.695652173913044347e-01
8.620689655172414367e-01
8.547008547008547730e-01
8.474576271186441412e-01
8.403361344537815247e-01
8.333333333333333703e-01
8.264462809917355601e-01
8.196721311475410054e-01
8.130081300813007950e-01
8.064516129032258673e-01
8.000000000000000444e-01
7.936507936507936067e-01
7.874015748031495399e-01
7.812500000000000000e-01
7.751937984496123368e-01
7.692307692307691624e-01
7.633587786259541375e-01
7.575757575757575690e-01
7.518796992481202590e-01
7.462686567164178442e-01
7.407407407407406996e-01
7.352941176470588758e-01
7.299270072992700698e-01
7.246376811594203993e-01
7.194244604316546443e-01
7.142857142857143016e-01
7.092198581560283932e-01
7.042253521126761173e-01
6.993006993006993799e-01
6.944444444444444198e-01
6.896551724137931494e-01
6.849315068493150305e-01
6.802721088435373931e-01
6.756756756756756577e-01
6.711409395973154668e-01
6.666666666666666297e-01
6.622516556291391243e-01
6.578947368421053099e-01
6.535947712418300748e-01
6.493506493506493449e-01
6.451612903225806273e-01
6.410256410256409687e-01
6.369426751592357494e-01
6.329113924050632223e-01
6.289308176100629755e-01
6.250000000000000000e-01
6.211180124223603105e-01
6.172839506172839164e-01
6.134969325153374342e-01
6.097560975609755962e-01
6.060606060606060774e-01
6.024096385542168086e-01
5.988023952095808955e-01
5.952380952380952328e-01
5.917159763313609711e-01
5.882352941176470784e-01
5.847953216374268681e-01
5.813953488372093359e-01
5.780346820809248998e-01
5.747126436781608838e-01
5.714285714285713969e-01
5.681818181818182323e-01
5.649717514124293904e-01
5.617977528089888040e-01
5.586592178770949380e-01
5.555555555555555802e-01
5.524861878453038999e-01
5.494505494505494969e-01
5.464480874316939296e-01
5.434782608695652995e-01
5.405405405405404595e-01
5.376344086021506152e-01
5.347593582887699704e-01
5.319148936170212671e-01
5.291005291005290712e-01
5.263157894736841813e-01
5.235602094240837667e-01
5.208333333333333703e-01
5.181347150259066892e-01
5.154639175257732520e-01
5.128205128205128860e-01
5.102040816326530726e-01
5.076142131979695105e-01
5.050505050505050830e-01
5.025125628140703071e-01
5.000000000000000000e-01
4.975124378109453405e-01
4.950495049504950451e-01
4.926108374384235988e-01
4.901960784313725283e-01
4.878048780487805325e-01
4.854368932038835016e-01
4.830917874396134515e-01
4.807692307692307265e-01
4.784688995215311547e-01
4.761904761904761640e-01
4.739336492890994790e-01
4.716981132075471206e-01
4.694835680751173745e-01
4.672897196261682762e-01
4.651162790697674354e-01
4.629629629629629095e-01
4.608294930875576068e-01
4.587155963302753103e-01
4.566210045662100758e-01
4.545454545454545303e-01
4.524886877828054321e-01
4.504504504504505125e-01
4.484304932735426186e-01
4.464285714285713969e-01
4.444444444444444198e-01
4.424778761061947119e-01
4.405286343612334621e-01
4.385964912280701511e-01
4.366812227074235997e-01
4.347826086956522174e-01
4.329004329004328966e-01
4.310344827586206629e-01
4.291845493562231884e-01
4.273504273504273865e-01
4.255319148936170248e-01
4.237288135593219596e-01
4.219409282700421482e-01
4.201680672268907624e-01
4.184100418410042210e-01
4.166666666666666852e-01
4.149377593360995542e-01
4.132231404958677801e-01
4.115226337448560368e-01
4.098360655737705027e-01
4.081632653061224025e-01
4.065040650406503975e-01
4.048582995951417463e-01
4.032258064516129337e-01
4.016064257028111872e-01
4.000000000000000222e-01
3.984063745019920666e-01
3.968253968253968034e-01
3.952569169960473694e-01
3.937007874015747699e-01
3.921568627450980893e-01
3.906250000000000000e-01
3.891050583657587048e-01
3.875968992248061684e-01
3.861003861003861060e-01
3.846153846153845812e-01
3.831417624521072374e-01
3.816793893129770687e-01
3.802281368821293084e-01
3.787878787878788400e-01
3.773584905660377631e-01
3.759398496240601295e-01
3.745318352059925360e-01
3.731343283582089776e-01
3.717472118959108118e-01
3.703703703703703498e-01
3.690036900369003670e-01
3.676470588235294379e-01
3.663003663003662758e-01
3.649635036496350349e-01
3.636363636363636465e-01
3.623188405797101996e-01
3.610108303249097705e-01
3.597122302158273222e-01
3.584229390681003546e-01
3.571428571428571508e-01
3.558718861209964612e-01
3.546099290780141411e-01
3.533568904593639703e-01
3.521126760563380587e-01
3.508771929824561209e-01
3.496503496503496344e-01
3.484320557491288883e-01
3.472222222222222099e-01
3.460207612456747683e-01
3.448275862068965747e-01
3.436426116838487976e-01
3.424657534246575152e-01
3.412969283276450772e-01
3.401360544217686965e-01
3.389830508474576121e-01
3.378378378378378288e-01
3.367003367003367220e-01
3.355704697986577334e-01
3.344481605351170561e-01
3.333333333333333148e-01
3.322259136212624697e-01
3.311258278145695622e-01
3.300330033003300301e-01
3.289473684210526550e-01
3.278688524590164244e-01
3.267973856209150374e-01
3.257328990228013366e-01
3.246753246753246724e-01
3.236245954692557047e-01
3.225806451612903136e-01
3.215434083601286241e-01
3.205128205128204844e-01
3.194888178913737886e-01
3.184713375796178192e-01
3.174603174603174427e-01
3.164556962025316111e-01
3.154574132492113381e-01
3.144654088050314322e-01
3.134796238244514366e-01
3.125000000000000000e-01
3.115264797507787953e-01
3.105590062111800997e-01
3.095975232198142635e-01
3.086419753086419582e-01
3.076923076923077094e-01
3.067484662576687171e-01
3.058103975535167995e-01
3.048780487804877981e-01
3.039513677811550019e-01
3.030303030303030387e-01
3.021148036253776259e-01
3.012048192771084598e-01
3.003003003003003046e-01
2.994011976047904477e-01
2.985074626865671377e-01
2.976190476190476164e-01
2.967359050445103619e-01
2.958579881656804855e-01
2.949852507374631227e-01
2.941176470588235392e-01
2.932551319648093457e-01
2.923976608187134341e-01
2.915451895043731367e-01
2.906976744186046679e-01
2.898550724637681264e-01
2.890173410404624499e-01
2.881844380403458250e-01
2.873563218390804419e-01
2.865329512893982633e-01
2.857142857142856984e-01
2.849002849002849058e-01
2.840909090909091161e-01
2.832861189801699764e-01
2.824858757062146952e-01
2.816901408450704358e-01
2.808988764044944020e-01
2.801120448179271749e-01
2.793296089385474690e-01
2.785515320334261968e-01
2.777777777777777901e-01
2.770083102493074989e-01
2.762430939226519500e-01
2.754820936639118534e-01
2.747252747252746929e-01
2.739726027397260122e-01
2.732240437158469648e-01
2.724795640326975743e-01
2.717391304347825942e-01
2.710027100271003020e-01
2.702702702702702298e-01
2.695417789757412197e-01
2.688172043010752521e-01
2.680965147453083230e-01
2.673796791443849852e-01
2.666666666666666630e-01
2.659574468085106336e-01
2.652519893899204506e-01
2.645502645502645911e-01
2.638522427440633256e-01
2.631578947368420907e-01
2.624671916010498651e-01
2.617801047120418834e-01
2.610966057441252985e-01
2.604166666666666852e-01
2.597402597402597157e-01
2.590673575129534001e-01
2.583979328165374456e-01
2.577319587628866260e-01
2.570694087403598838e-01
2.564102564102564430e-01
2.557544757033248239e-01
2.551020408163265363e-01
2.544529262086513977e-01
2.538071065989847552e-01
2.531645569620252778e-01
2.525252525252525415e-01
2.518891687657430767e-01
2.512562814070351536e-01
2.506265664160400863e-01
2.500000000000000000e-01
2.493765586034912829e-01
2.487562189054726702e-01
2.481389578163772092e-01
2.475247524752475226e-01
2.469135802469135943e-01
2.463054187192117994e-01
2.457002457002456786e-01
2.450980392156862642e-01
2.444987775061124857e-01
2.439024390243902662e-01
2.433090024330900603e-01
2.427184466019417508e-01
2.421307506053268777e-01
2.415458937198067257e-01
2.409638554216867179e-01
2.403846153846153633e-01
2.398081534772182333e-01
2.392344497607655773e-01
2.386634844868735505e-01
2.380952380952380820e-01
2.375296912114014392e-01
2.369668246445497395e-01
2.364066193853427700e-01
2.358490566037735603e-01
2.352941176470588203e-01
2.347417840375586873e-01
2.341920374707260055e-01
2.336448598130841381e-01
2.331002331002330896e-01
2.325581395348837177e-01
2.320185614849187561e-01
2.314814814814814548e-01
2.309468822170900604e-01
2.304147465437788034e-01
2.298850574712643924e-01
2.293577981651376552e-01
2.288329519450800764e-01
2.283105022831050379e-01
2.277904328018222901e-01
2.272727272727272652e-01
2.267573696145124551e-01
2.262443438914027161e-01
2.257336343115124433e-01
2.252252252252252562e-01
2.247191011235954994e-01
2.242152466367713093e-01
2.237136465324384427e-01
2.232142857142856984e-01
2.227171492204899628e-01
2.222222222222222099e-01
2.217294900221729592e-01
2.212389380530973559e-01
2.207505518763797359e-01
2.202643171806167310e-01
2.197802197802197766e-01
2.192982456140350755e-01
2.188183807439824935e-01
2.183406113537117998e-01
2.178649237472767008e-01
2.173913043478261087e-01
2.169197396963123969e-01
2.164502164502164483e-01
2.159827213822894110e-01
2.155172413793103314e-01
2.150537634408601906e-01
2.145922746781115942e-01
2.141327623126338398e-01
2.136752136752136932e-01
2.132196162046908483e-01
2.127659574468085124e-01
2.123142250530785646e-01
2.118644067796609798e-01
2.114164904862579075e-01
2.109704641350210741e-01
2.105263157894736725e-01
2.100840336134453812e-01
2.096436058700209826e-01
2.092050209205021105e-01
2.087682672233820425e-01
2.083333333333333426e-01
2.079002079002078840e-01
2.074688796680497771e-01
2.070393374741200665e-01
2.066115702479338900e-01
2.061855670103092952e-01
2.057613168724280184e-01
2.053388090349075878e-01
2.049180327868852514e-01
2.044989775051124503e-01
2.040816326530612013e-01
2.036659877800407192e-01
2.032520325203251987e-01
2.028397565922921142e-01
2.024291497975708731e-01
2.020202020202020166e-01
2.016129032258064668e-01
2.012072434607645732e-01
2.008032128514055936e-01
2.004008016032063910e-01
2.000000000000000111e-01
