# d_a
# unit = Mpc
0.000000000000000000e+00
4.306990822469214208e+01
8.516571343439066766e+01
1.263144306403466572e+02
1.665420627012208001e+02
2.058736490258909839e+02
2.443333114903033447e+02
2.819442977504311330e+02
3.187290221200053679e+02
3.547091041693262810e+02
3.899054051901779872e+02
4.243380626614404605e+02
4.580265228404479103e+02
4.909895715963317002e+02
5.232453635934673457e+02
5.548114499256753334e+02
5.857048042949356841e+02
6.159418478219730559e+02
6.455384725702281230e+02
6.745100638592505220e+02
7.028715214385332501e+02
7.306372795881417233e+02
7.578213262081588937e+02
7.844372209549798072e+02
8.104981124787510680e+02
8.360167548128179078e+02
8.610055229628105735e+02
8.854764277400493029e+02
9.094411298811426150e+02
9.329109534930973950e+02
9.558968988608296513e+02
9.784096546517507704e+02
1.000459609549980428e+03
1.022056863350819185e+03
1.043211237544265714e+03
1.063932285414677835e+03
1.084229301682082905e+03
1.104111331709150363e+03
1.123587180296447741e+03
1.142665420087319490e+03
1.161354399602455487e+03
1.179662250923151760e+03
1.197596897041102011e+03
1.215166058891639977e+03
1.232377262086333758e+03
1.249237843360004945e+03
1.265754956746381595e+03
1.281935579495808270e+03
1.297786517747729476e+03
1.313314411969944103e+03
1.328525742175979758e+03
1.343426832931350646e+03
1.358023858158843495e+03
1.372322845752472176e+03
1.386329682009200042e+03
1.400050115887076117e+03
1.413489763097939203e+03
1.426654110042449474e+03
1.439548517594790155e+03
1.452178224743986220e+03
1.464548352098453051e+03
1.476663905260015099e+03
1.488529778073357193e+03
1.500150755756516446e+03
1.511531517917768042e+03
1.522676641463990109e+03
1.533590603405311640e+03
1.544277783560622311e+03
1.554742467168297253e+03
1.564988847406254081e+03
1.575021027825275723e+03
1.584843024699317311e+03
1.594458769296355513e+03
1.603872110073139993e+03
1.613086814797050693e+03
1.622106572598125240e+03
1.630934995954138230e+03
1.639575622611510425e+03
1.648031917444661985e+03
1.656307274256324035e+03
1.664405017521179843e+03
1.672328404075112530e+03
1.680080624752223002e+03
1.687664805971667192e+03
1.695084011276286674e+03
1.702341242824908932e+03
1.709439442840079437e+03
1.716381495012960386e+03
1.723170225866993405e+03
1.729808406081891462e+03
1.736298751779434951e+03
1.742643925772481680e+03
1.748846538778545892e+03
1.754909150599234863e+03
1.760834271266762244e+03
1.766624362158734584e+03
1.772281837082319953e+03
1.777809063328878892e+03
1.783208362700094085e+03
1.788482012506573483e+03
1.793632246539870494e+03
1.798661256018832546e+03
1.803571190511128179e+03
1.808364158830792121e+03
1.813042229912575976e+03
1.817607433663861684e+03
1.822061761794871245e+03
1.826407168627874171e+03
1.830645571886049311e+03
1.834778853462663619e+03
1.838808860171168817e+03
1.842737404476820302e+03
1.846566265210379697e+03
1.850297188264454007e+03
1.853931887272997756e+03
1.857472044274476048e+03
1.860919310359186284e+03
1.864275306301195997e+03
1.867541623175359291e+03
1.870719822959829116e+03
1.873811439124499202e+03
1.876817977205768102e+03
1.879740915368020296e+03
1.882581704952182463e+03
1.885341771011738729e+03
1.888022512836534816e+03
1.890625304464712599e+03
1.893151495183090219e+03
1.895602410016324711e+03
1.897979350205124547e+03
1.900283593673831547e+03
1.902516395487637965e+03
1.904678988299722505e+03
1.906772582788553791e+03
1.908798368085633228e+03
1.910757512193913271e+03
1.912651162397125972e+03
1.914480445660266923e+03
1.916246469021444000e+03
1.917950319975315097e+03
1.919593066848320177e+03
1.921175759165920681e+03
1.922699428012023645e+03
1.924165086380810635e+03
1.925573729521128143e+03
1.926926335273631821e+03
1.928223864400870298e+03
1.929467260910459117e+03
1.930657452371513727e+03
1.931795350224512276e+03
1.932881850084731923e+03
1.933917832039414634e+03
1.934904160938812765e+03
1.935841686681235387e+03
1.936731244492272253e+03
1.937573655198295910e+03
1.938369725494383374e+03
1.939120248206796305e+03
1.939826002550128578e+03
1.940487754379243597e+03
1.941106256436131162e+03
1.941682248591784628e+03
1.942216458083216821e+03
1.942709599745720425e+03
1.943162376240481763e+03
1.943575478277642105e+03
1.943949584834924963e+03
1.944285363371903259e+03
1.944583470040020984e+03
1.944844549888455731e+03
1.945069237065904872e+03
1.945258155018398611e+03
1.945411916683218124e+03
1.945531124678998367e+03
1.945616371492104236e+03
1.945668239659356914e+03
1.945687301947195010e+03
1.945674121527334364e+03
1.945629252149011791e+03
1.945553238307882339e+03
1.945446615411631001e+03
1.945309909942393006e+03
1.945143639616014298e+03
1.944948313538258390e+03
1.944724432357988917e+03
1.944472488417406339e+03
1.944192965899412002e+03
1.943886340972130483e+03
1.943553081930679582e+03
1.943193649336219778e+03
1.942808496152357748e+03
1.942398067878950769e+03
1.941962802683361588e+03
1.941503131529228540e+03
1.941019478302782090e+03
1.940512259936786222e+03
1.939981886532123553e+03
1.939428761477090575e+03
1.938853281564444387e+03
1.938255837106249373e+03
1.937636812046560863e+03
1.936996584072000132e+03
1.936335524720255989e+03
1.935653999486552948e+03
1.934952367928137392e+03
1.934230983766809231e+03
1.933490194989549991e+03
1.932730343947272331e+03
1.931951767451740807e+03
1.931154796870692962e+03
1.930339758221203283e+03
1.929506972261310011e+03
1.928656754579968037e+03
1.927789415685321728e+03
1.926905261091369084e+03
1.926004591403026097e+03
1.925087702399628597e+03
1.924154885116902960e+03
1.923206425927439568e+03
1.922242606619687876e+03
1.921263704475517898e+03
1.920269992346360141e+03
1.919261738727961074e+03
1.918239207833783439e+03
1.917202659667064836e+03
1.916152350091580047e+03
1.915088530901111881e+03
1.914011449887675326e+03
1.912921350908499562e+03
1.911818473951811711e+03
1.910703055201426878e+03
1.909575327100184268e+03
1.908435518412237570e+03
1.907283854284231438e+03
1.906120554834981021e+03
1.904945841053768618e+03
1.903759926161846579e+03
1.902563021425960414e+03
1.901355334785200967e+03
1.900137070905912651e+03
1.898908431235626267e+03
1.897669614056038654e+03
1.896420814535040108e+03
1.895162224777837764e+03
1.893894033877167885e+03
1.892616427962617763e+03
1.891329590249083139e+03
1.890033701084377299e+03
1.888728937995987053e+03
1.887415475737030192e+03
1.886093486331388931e+03
1.884763139118060280e+03
1.883424600794732896e+03
1.882078035460597903e+03
1.880723604658418253e+03
1.879361467415859579e+03
1.877991780286107996e+03
1.876614697387780552e+03
1.875230370444139226e+03
1.873838948821632130e+03
1.872440579567764871e+03
1.871035407448316164e+03
1.869623574983912022e+03
1.868205222485972399e+03
1.866780488092037103e+03
1.865349507800482343e+03
1.863912415504647242e+03
1.862469343026369643e+03
1.861020420148950279e+03
1.859565774649554442e+03
1.858105532331056793e+03
1.856639817053350725e+03
1.855168750764112247e+03
1.853692453529056365e+03
1.852211043561662791e+03
1.850724637252414368e+03
1.849233349197524376e+03
1.847737292227191119e+03
1.846236577433364801e+03
1.844731314197054189e+03
1.843221610215167857e+03
1.841707571526904758e+03
1.840189302539703476e+03
1.838666906054754008e+03
1.837140483292081399e+03
1.835610133915209872e+03
1.834075956055419965e+03
1.832538046335586614e+03
1.830996499893640475e+03
1.829451410405615661e+03
1.827902870108335037e+03
1.826350969821704211e+03
1.824795798970640590e+03
1.823237445606641131e+03
1.821675996428992221e+03
1.820111536805623473e+03
1.818544150793630024e+03
1.816973921159439669e+03
1.815400929398665539e+03
1.813825255755619992e+03
1.812246979242510633e+03
1.810666177658327570e+03
1.809082927607411875e+03
1.807497304517730527e+03
1.805909382658844834e+03
1.804319235159588288e+03
1.802726934025459059e+03
1.801132550155727131e+03
1.799536153360261096e+03
1.797937812376085276e+03
1.796337594883670818e+03
1.794735567522954625e+03
1.793131795909109542e+03
1.791526344648050781e+03
1.789919277351699293e+03
1.788310656652993430e+03
1.786700544220666188e+03
1.785089000773776434e+03
1.783476086096014569e+03
1.781861859049774012e+03
1.780246377590001430e+03
1.778629698777822114e+03
1.777011878793945698e+03
1.775392972951869297e+03
1.773773035710856448e+03
1.772152120688715513e+03
1.770530280674380492e+03
1.768907567640282195e+03
1.767284032754532063e+03
1.765659726392904076e+03
1.764034698150638633e+03
1.762408996854048837e+03
1.760782670571953531e+03
1.759155766626921832e+03
1.757528331606345091e+03
1.755900411373336738e+03
1.754272051077457718e+03
1.752643295165272775e+03
1.751014187390747111e+03
1.749384770825472060e+03
1.747755087868742521e+03
1.746125180257464308e+03
1.744495089075917122e+03
1.742864854765363589e+03
1.741234517133498684e+03
1.739604115363774554e+03
1.737973688024555941e+03
1.736343273078150560e+03
1.734712907889695316e+03
1.733082629235899049e+03
1.731452473313663177e+03
1.729822475748556826e+03
1.728192671603166673e+03
1.726563095385323322e+03
1.724933781056190128e+03
1.723304762038237868e+03
1.721676071223095732e+03
1.720047740979276341e+03
1.718419803159785715e+03
1.716792289109621606e+03
1.715165229673153362e+03
1.713538655201384017e+03
1.711912595559114152e+03
1.710287080131988660e+03
1.708662137833432780e+03
1.707037797111499003e+03
1.705414085955588234e+03
1.703791031903086150e+03
1.702168662045896554e+03
1.700547003036864680e+03
1.698926081096122289e+03
1.697305922017317471e+03
1.695686551173771477e+03
1.694067993524520034e+03
1.692450273620283269e+03
1.690833415609339909e+03
1.689217443243304842e+03
1.687602379882835976e+03
1.685988248503242630e+03
1.684375071700016406e+03
1.682762871694279738e+03
1.681151670338150325e+03
1.679541489120027336e+03
1.677932349169798499e+03
1.676324271263974197e+03
1.674717275830734252e+03
1.673111382954917417e+03
1.671506612382916273e+03
1.669902983527518018e+03
1.668300515472663164e+03
1.666699226978139450e+03
1.665099136484198880e+03
1.663500262116116573e+03
1.661902621688679574e+03
1.660306232710601535e+03
1.658711112388887386e+03
1.657117277633120011e+03
1.655524745059693259e+03
1.653933530995977435e+03
1.652343651484429756e+03
1.650755122286636151e+03
