# k_h
7.871575689932797104e-06
8.693022209627088159e-06
9.600191333447583020e-06
1.060202885128092021e-05
1.170841460407245904e-05
1.293025889026466757e-05
1.427960887667723000e-05
1.576977228978648782e-05
1.741544292599428445e-05
1.923284980875905603e-05
2.123991362168453634e-05
2.345642678847070783e-05
2.590424628579057753e-05
2.860751192201860249e-05
3.159287734888494015e-05
3.488978472887538373e-05
3.853074304061010480e-05
4.255165913491509855e-05
4.699218334280885756e-05
5.189609873923473060e-05
5.731177225243300200e-05
6.329260213533416390e-05
6.989756366237998009e-05
7.719179848209023476e-05
8.524722943548113108e-05
9.414328815182670951e-05
1.039677081280387938e-04
1.148173687397502363e-04
1.267992483917623758e-04
1.400315231876447797e-04
1.546446437714621425e-04
1.707827468635514379e-04
1.886049576569348574e-04
2.082870341837406158e-04
2.300230407854542136e-04
2.540273417253047228e-04
2.805366239044815302e-04
3.098123124800622463e-04
3.421430883463472128e-04
3.778477839659899473e-04
4.172784683760255575e-04
4.608239978551864624e-04
5.089137703180313110e-04
5.620219744741916656e-04
6.206723628565669060e-04
6.854432867839932442e-04
7.569734007120132446e-04
8.359681232832372189e-04
9.232064476236701012e-04
1.019548624753952026e-03
1.125944661907851696e-03
1.243443810380995274e-03
1.373204635456204414e-03
1.516506890766322613e-03
1.674763509072363377e-03
1.849535154178738594e-03
2.042545238509774208e-03
2.255697268992662430e-03
2.491092775017023087e-03
2.751053310930728912e-03
3.038142342120409012e-03
3.355190856382250786e-03
3.705325303599238396e-03
4.091998562216758728e-03
4.519023001194000244e-03
4.990610294044017792e-03
5.511410534381866455e-03
6.086559500545263290e-03
6.721728947013616562e-03
7.423181552439928055e-03
8.197835646569728851e-03
9.053329005837440491e-03
9.998098947107791901e-03
1.104146055877208710e-02
1.219370309263467789e-02
1.346618961542844772e-02
1.487146783620119095e-02
1.642339490354061127e-02
1.813727617263793945e-02
2.003001049160957336e-02
2.212026342749595642e-02
2.442864514887332916e-02
2.697792276740074158e-02
2.979323081672191620e-02
3.290233388543128967e-02
3.633588925004005432e-02
3.996948152780532837e-02
4.360307008028030396e-02
4.723665863275527954e-02
5.087024718523025513e-02
5.450383946299552917e-02
5.813742801547050476e-02
6.177101656794548035e-02
6.540460884571075439e-02
6.903819739818572998e-02
7.267178595066070557e-02
7.630537450313568115e-02
8.168289065361022949e-02
8.706040680408477783e-02
9.243792295455932617e-02
9.781543910503387451e-02
1.031929478049278259e-01
1.085704639554023743e-01
1.139479801058769226e-01
1.193254962563514709e-01
1.247030124068260193e-01
1.300805211067199707e-01
1.354580372571945190e-01
1.408355534076690674e-01
1.462130695581436157e-01
1.515905857086181641e-01
1.569681018590927124e-01
1.623456180095672607e-01
1.677231341600418091e-01
1.731006503105163574e-01
1.784781664609909058e-01
1.838556826114654541e-01
1.892331987619400024e-01
1.946107149124145508e-01
1.999882310628890991e-01
2.053657472133636475e-01
2.107432633638381958e-01
2.161207795143127441e-01
2.214982956647872925e-01
2.268758118152618408e-01
2.322533279657363892e-01
2.376308441162109375e-01
2.430083602666854858e-01
2.483858615159988403e-01
2.537633776664733887e-01
2.591409087181091309e-01
2.645184099674224854e-01
2.698959410190582275e-01
2.752734422683715820e-01
2.806509733200073242e-01
2.860284745693206787e-01
2.914060056209564209e-01
2.967835068702697754e-01
3.021610081195831299e-01
3.075385391712188721e-01
3.129160404205322266e-01
3.182935714721679688e-01
3.236710727214813232e-01
3.290486037731170654e-01
3.344261050224304199e-01
3.398036360740661621e-01
3.451811373233795166e-01
3.505586683750152588e-01
3.559361696243286133e-01
3.613137006759643555e-01
3.666912019252777100e-01
3.720687329769134521e-01
3.774462342262268066e-01
3.828237652778625488e-01
3.882012665271759033e-01
3.935787975788116455e-01
5.245835781097412109e-01
7.321153283119201660e-01
1.021749258041381836e+00
1.425965905189514160e+00
1.990095853805541992e+00
2.777402400970458984e+00
3.876177310943603516e+00
5.409641265869140625e+00
7.549762725830078125e+00
1.053654289245605469e+01
1.470492935180664062e+01
