# bin_1_1
9.182614574022197455e-09
3.814308178230084531e-09
9.563437735491103906e-09
4.376582463224800009e-09
1.015211515182119693e-08
5.161252830564188184e-09
1.097491802109733847e-08
6.197885232490021718e-09
1.206542742992863510e-08
7.523872383172953416e-09
1.346562153746554415e-08
9.185631522140172670e-09
1.522718400321924174e-08
1.124003529726101944e-08
1.741305913152861022e-08
1.375610218945637579e-08
2.009928074069072361e-08
1.681697387262658605e-08
2.337710189311392907e-08
2.052220624027692911e-08
2.735545136801275770e-08
2.499039859527952388e-08
3.216373876737734541e-08
3.036217964028244035e-08
3.795502290736714226e-08
3.680355980971229005e-08
4.490954617909240856e-08
4.450964426538331553e-08
5.323861918685867642e-08
5.370867891049765644e-08
6.318881355905171852e-08
6.466637030558382192e-08
7.504638381474877165e-08
7.769037708725651069e-08
8.914178892258735012e-08
9.313481258177879565e-08
1.058541179134052086e-07
1.114045228812074813e-07
1.256151383980494498e-07
1.329588084127238822e-07
1.489125795037474472e-07
1.583141379140758876e-07
1.762921293312437147e-07
1.880452600746083338e-07
2.083574715226444802e-07
2.227839512579771182e-07
2.457675081192216570e-07
2.632144515366758255e-07
2.892297240324033061e-07
3.100644471485794223e-07
3.394884560904367966e-07
3.640902729861784977e-07
3.973066610744249865e-07
4.260548653888605962e-07
4.634396700130973463e-07
4.966969383110466489e-07
5.385994253121982894e-07
5.766899507754603457e-07
6.234078993685624554e-07
6.665897675699602552e-07
7.183388871632346820e-07
7.667705992545548731e-07
8.236482721756819640e-07
8.773499712634970792e-07
9.392943203173552827e-07
9.981052522059476079e-07
1.064851691968563702e-06
1.128386786552062190e-06
1.199425772209692538e-06
1.267035983259017258e-06
1.341577605024619827e-06
1.412320735308855056e-06
1.489274005147299999e-06
1.561904984966078032e-06
1.639881852955608581e-06
1.712873457090602778e-06
1.790229281058726326e-06
1.861835430766141612e-06
1.936758026857783303e-06
2.005131199164192113e-06
2.075788643087614635e-06
2.139159286487978331e-06
2.203911002625511042e-06
2.260828880421275823e-06
2.318493934094111006e-06
2.368117827916400933e-06
2.418277883079328999e-06
2.460680759288712645e-06
2.503973298926944994e-06
2.540406312221606567e-06
2.578739206848303603e-06
2.611774180274199033e-06
2.648371827700454214e-06
2.681826514622776879e-06
2.721011157667632639e-06
2.759567314405384917e-06
2.806201066602969056e-06
2.854667269705622197e-06
2.913245511355994328e-06
2.975507113055865638e-06
3.049009909859722981e-06
3.126847488785857016e-06
3.215611403584164888e-06
3.307730833721794511e-06
3.408755540819670348e-06
3.510494163793556578e-06
3.617663469114625204e-06
3.721817513497082121e-06
3.827382228150861114e-06
3.926331885230085848e-06
4.023583302301461244e-06
4.112327163733395812e-06
4.198707764604686581e-06
4.277678306879597562e-06
4.356872321384179018e-06
4.432862721665678244e-06
4.514180203280079268e-06
4.597950089008491889e-06
4.692149590262432870e-06
4.792765134218413407e-06
4.905556592448869196e-06
5.024027538069953313e-06
5.151042995064713852e-06
5.277868512183837516e-06
5.405801169102173652e-06
5.526188634880344830e-06
5.641761095197016407e-06
5.747024684966961336e-06
5.848549604533974589e-06
5.944944388489614806e-06
6.045559276565048327e-06
6.149923663288970532e-06
6.265419577079226748e-06
6.387355313861463881e-06
6.517253715199136783e-06
6.645141204330345482e-06
6.769409255008153694e-06
6.881003573536381918e-06
6.983083324198060198e-06
7.074132532369187373e-06
7.164305922502114618e-06
7.255593251635781040e-06
7.355605068534853551e-06
7.458492213194343510e-06
7.561763440641374732e-06
7.652759869400659957e-06
7.729504080263314424e-06
7.788124332692320458e-06
7.838931740018459358e-06
7.886437946287616605e-06
7.938823572590596766e-06
7.988368389564135837e-06
8.028596736727331633e-06
8.046203988037699530e-06
8.043709336212317008e-06
8.025640590439629517e-06
8.005997532263675457e-06
7.983102098917917373e-06
7.950954052034151903e-06
7.893268617985172445e-06
7.811034048468837922e-06
7.711433433255991169e-06
7.609881260027064368e-06
7.500814850113278495e-06
7.373238137812522858e-06
7.215454261970117620e-06
7.041324708653441114e-06
6.862875742969264315e-06
6.681557853440878965e-06
6.477602764092146070e-06
6.251554219438081679e-06
6.018374486910946492e-06
5.791953278159084552e-06
5.554407342636772560e-06
5.300009652933119385e-06
5.044316143450161522e-06
4.804478451984354972e-06
4.560767867776265919e-06
4.311292319813274769e-06
4.077135390849470865e-06
3.864979201224971624e-06
3.650915520745264936e-06
3.452650025294529742e-06
3.284892289557726270e-06
3.129640589319406626e-06
2.986319024007333693e-06
2.881592010117683471e-06
2.788361529029567329e-06
2.712407689543726021e-06
2.668813043956133922e-06
2.632865499095362485e-06
2.612248073217480321e-06
2.614565273601550568e-06
2.608135409241688651e-06
2.623123417643586281e-06
2.626073625256580339e-06
2.630953918356416862e-06
2.629031976016229256e-06
2.611754805071257901e-06
2.589572504583860179e-06
2.545477121718642591e-06
2.496231503249995798e-06
2.427688164543831905e-06
2.356111322367695703e-06
2.273547859573937656e-06
2.193819689320814811e-06
2.113736517326152146e-06
2.043955350292420615e-06
1.983001751374184859e-06
1.937447606634514047e-06
1.904707322483028837e-06
1.886611867384172243e-06
1.878102056760382863e-06
1.876943808392001204e-06
1.876460924860669621e-06
1.872884710966261423e-06
1.860709537437749173e-06
1.838171492876829198e-06
1.803919856034519798e-06
1.760532538521495525e-06
1.711447799173542756e-06
1.662493813489479026e-06
1.618767579986599507e-06
1.584876546773004920e-06
1.562489583072400016e-06
1.550718010219817265e-06
1.545500206584302354e-06
1.541200209551110314e-06
1.531933838837750346e-06
1.513677506231471808e-06
1.485678489125767688e-06
1.450785904274217018e-06
1.414719114692854601e-06
1.383614780400944331e-06
1.361880337572589158e-06
1.349712875421567855e-06
1.343386616410987236e-06
1.336247082964867850e-06
1.322617884120596866e-06
1.300074259240035967e-06
1.271692459377910632e-06
1.243635334003755426e-06
1.222418227419685646e-06
1.209882076771270342e-06
1.202762694827857958e-06
1.193805547095946401e-06
1.177895708659328409e-06
1.154966770236466513e-06
1.131223052384491384e-06
1.113084352711250994e-06
1.102684705811624368e-06
1.094766179672174759e-06
1.082631221388646969e-06
1.063691274364068929e-06
1.043320121266850176e-06
1.027986822779047537e-06
1.018941253179747521e-06
1.009498996746950490e-06
9.943865189809886346e-07
9.756757904102327607e-07
9.613222314390513503e-07
9.528396816834576058e-07
9.437085165308346362e-07
9.278794136076639867e-07
9.106157991365183565e-07
8.993813793722625334e-07
8.924312896804234942e-07
8.806295818241257158e-07
8.647790257439234169e-07
8.527213830767519476e-07
8.447869674537839177e-07
8.326693036926289164e-07
8.186897260917632013e-07
8.096884380665421056e-07
8.016630936071096372e-07
7.879572775354490636e-07
7.763334945412402222e-07
7.685489309097621621e-07
7.572989665167855938e-07
7.457237179155704794e-07
7.387838268957935741e-07
7.277347475843241765e-07
7.167214717274858048e-07
7.089834076614138930e-07
6.980168111677774527e-07
6.889470227476583888e-07
6.815672743745647909e-07
6.700944337875630557e-07
6.633622472978140617e-07
6.528833614964046345e-07
6.444531555329886398e-07
6.363953331926457512e-07
6.272592223383217973e-07
6.199581410014221488e-07
6.106838782569350551e-07
6.035130291597114090e-07
5.942601225688952213e-07
5.872080693306226997e-07
5.789205254183002301e-07
5.717287401328948441e-07
5.636992801285913877e-07
5.565294707110199478e-07
5.486927632000518601e-07
5.415091506270341089e-07
5.341558321793226799e-07
5.273093419692289046e-07
5.199930393743560037e-07
5.132923394966769065e-07
5.061845762534443014e-07
4.994101987595340998e-07
4.926057265106961446e-07
4.862141367748677840e-07
4.795157449931393163e-07
4.732040078417888130e-07
4.666981734247217023e-07
4.604470444603406961e-07
4.540883428317435055e-07
4.480672170957231712e-07
4.419706916699716664e-07
4.359826197913565069e-07
4.300626160440739708e-07
4.242076014894501976e-07
4.183355711157635696e-07
4.126622666716554687e-07
4.070358260843809691e-07
4.014446988024892006e-07
3.959282183439501360e-07
3.904755231796808861e-07
3.850462713502699838e-07
3.797141836447616747e-07
3.744554849192919076e-07
3.692860716146409696e-07
3.641057379130684732e-07
3.590719253327816095e-07
3.540187381626797890e-07
3.490695580611154121e-07
3.441660810210182381e-07
3.393834167398052623e-07
3.345820458687051610e-07
3.299147913122667786e-07
3.252440418774366792e-07
3.206756152386271397e-07
3.161312306502476333e-07
3.117039848279261782e-07
3.072994394027229616e-07
3.029763620333388087e-07
2.987054938654089187e-07
2.945054376785489085e-07
2.903461581117944677e-07
2.862797738598649309e-07
2.822648193254595972e-07
2.783112079105896869e-07
2.744201211260343274e-07
2.705944744301210209e-07
2.668209477757239934e-07
2.631236922027214957e-07
2.594866757113122874e-07
2.559195521117068051e-07
2.524027969422053457e-07
2.489648157466484490e-07
2.455739033805263402e-07
2.422570415280445346e-07
2.389971126439225614e-07
2.358136392942573505e-07
2.326756505364483980e-07
2.296176309670739202e-07
2.266065178590696366e-07
2.236680756415348883e-07
2.207821808203539926e-07
2.179708266143077508e-07
2.152096458236921491e-07
2.125181527463939648e-07
2.098809090876057186e-07
2.073098954406314471e-07
2.047919880941544432e-07
2.023424862836602588e-07
1.999465969256295585e-07
1.976116929920765173e-07
1.953322818817950258e-07
1.931135143457292842e-07
1.909479171286987819e-07
1.888434766684235286e-07
1.867920550602089386e-07
1.847989756361077951e-07
1.828576360522313190e-07
1.809739172161712849e-07
1.791392577772310592e-07
1.773605430917531821e-07
1.756316361401075316e-07
1.739578625817190182e-07
1.723308027423829856e-07
1.707581719697985520e-07
1.692308643825735725e-07
1.677545984864523516e-07
1.663228111914899320e-07
1.649410966718589091e-07
1.636025833799143760e-07
1.623127221126057542e-07
1.610657679790274906e-07
1.598646966871511290e-07
1.587036538960307077e-07
1.575858278268575226e-07
1.565066426821443635e-07
1.554699886490612152e-07
1.544731263813088649e-07
1.535173606434172843e-07
1.525978015660944000e-07
1.517147258010825619e-07
1.508647713443652527e-07
1.500508804681364880e-07
1.492720970653389529e-07
1.485301233643671737e-07
1.478202973475666042e-07
1.471417264413859508e-07
1.464906893264579806e-07
1.458690268486914733e-07
1.452761592576143286e-07
1.447150336998447961e-07
1.441823993548614937e-07
1.436765510698948915e-07
1.431930578338748451e-07
1.427326245348883336e-07
1.422949922598713117e-07
1.418827410895623133e-07
1.414941195823421305e-07
1.411281215960169638e-07
1.407804256018247445e-07
1.404502488554082138e-07
1.401371650902358715e-07
1.398426406026353096e-07
1.395656735503211692e-07
1.393065480721938550e-07
1.390625256767300415e-07
1.388310751936339436e-07
1.386116881674103748e-07
1.384055595203123453e-07
1.382111345528136466e-07
1.380284490707017452e-07
1.378567801603224631e-07
1.376945188443154423e-07
1.375398558700361944e-07
1.373935908397968649e-07
1.372539528374776519e-07
1.371189526781175142e-07
1.369896622355431098e-07
1.368664108811947732e-07
1.367471339642595340e-07
1.366320602081081681e-07
1.365202079213309359e-07
1.364075527688570232e-07
1.362945443688759704e-07
1.361823471802971398e-07
1.360715897773905010e-07
1.359611788921606850e-07
1.358501891863179062e-07
1.357346681247447698e-07
1.356116269975821251e-07
1.354831193754285118e-07
1.353517254402186018e-07
1.352178508268001082e-07
1.350806120758091964e-07
1.349368001204643127e-07
1.347810354129566882e-07
1.346141023092996291e-07
1.344385524173964949e-07
1.342579960961556523e-07
1.340720295465584751e-07
1.338771195532269797e-07
1.336681324588437349e-07
1.334424441478409791e-07
1.332022753843725091e-07
1.329520700860994705e-07
1.326951234228040735e-07
1.324286071889876135e-07
1.321476321029376261e-07
1.318471486302124017e-07
1.315275143779926305e-07
1.311921595226544494e-07
1.308477845038719139e-07
1.304937285790128727e-07
1.301243620315438484e-07
1.297342506885680076e-07
1.293221660079360286e-07
1.288893488365495666e-07
1.284420833778912718e-07
1.279849137201792214e-07
1.275140253614371353e-07
1.270228201696165155e-07
1.265089800508190569e-07
1.259706195310387081e-07
1.254128613533770748e-07
1.248436038807800554e-07
1.242626457751584050e-07
1.236618980352325072e-07
1.230383842494255369e-07
1.223907102507875372e-07
1.217204941205000182e-07
1.210335176035906939e-07
1.203359000825833111e-07
1.196222782822696666e-07
1.188870182806085657e-07
1.181300410991465989e-07
1.173483362379856600e-07
1.165468308871140269e-07
1.157346148002842060e-07
1.149105339227820606e-07
1.140666684144358023e-07
1.132026650846731195e-07
1.123178019825965799e-07
1.114134132329811196e-07
1.104949297952749775e-07
1.095680604129999224e-07
1.086277264659989846e-07
1.076691026082354291e-07
1.066952199010451848e-07
1.057009710435544626e-07
1.046908575313706793e-07
1.036718071165872343e-07
1.026419620276956295e-07
1.015924850781447449e-07
1.005252210315897392e-07
9.943636807476520539e-08
9.832654808243666678e-08
9.719731217641920197e-08
9.605308010513986272e-08
9.488738410774894156e-08
9.369687203862572884e-08
9.248494730318443564e-08
9.124702343191262200e-08
8.998676356175861422e-08
8.871115277795209152e-08
8.742024887050192497e-08
8.611066324029165773e-08
8.478908889353175463e-08
8.345540001662176128e-08
8.211412726985220400e-08
8.076959267754217425e-08
7.942830636858303843e-08
7.808939751415129141e-08
7.675453329412182944e-08
7.543019399064658253e-08
7.411423950523587431e-08
7.281077386789093479e-08
7.152418149974466825e-08
7.025541743516800079e-08
6.900181890251716511e-08
6.776898634282035121e-08
6.655351552532606443e-08
6.535605311950325962e-08
6.417501252362424813e-08
6.301209899831841179e-08
6.186420092563425783e-08
6.073232546939912855e-08
5.961852083935441347e-08
5.851945490413946708e-08
5.743369614771201006e-08
5.636082050032950401e-08
5.529866157214314675e-08
5.424490291099811153e-08
5.320240037366424099e-08
5.216829695572810882e-08
5.114188024432890729e-08
5.012148039169100075e-08
4.910800304794895659e-08
4.810138856408922742e-08
4.710307260716758780e-08
4.611353329856308502e-08
4.512909840089960681e-08
4.414727550901121791e-08
4.316694103558626591e-08
4.219000809905978701e-08
4.121893564836643430e-08
4.025848165412702353e-08
3.930744385750639198e-08
3.836411367948093469e-08
3.742374086146683334e-08
3.648559836500542701e-08
3.555111091334617119e-08
3.462504316172507711e-08
3.371108260726055444e-08
3.281042495484237779e-08
3.191982042023715197e-08
3.103575324958211402e-08
3.015881661971272319e-08
2.929241206967931996e-08
2.843883043383557773e-08
2.759846704544232501e-08
2.677004421247452059e-08
2.595172492649046544e-08
2.514540099686777137e-08
2.435543487251376436e-08
2.358274998918795847e-08
2.282553396486098945e-08
2.208111961330419040e-08
2.134821753456562638e-08
2.062742688980682415e-08
1.992295675659828184e-08
1.923679579812176058e-08
1.856924081821941040e-08
1.792101797534785839e-08
1.728850859882637202e-08
1.666546695183542755e-08
1.605210244474301655e-08
1.545487802588388682e-08
1.487760660459026968e-08
1.432177066078231879e-08
1.378776479888576480e-08
1.326727947560539524e-08
1.275140491424687533e-08
1.224424953298521869e-08
1.175542010757450937e-08
1.128763480587720853e-08
1.084299223197369783e-08
1.041484478560563239e-08
9.993319801243692437e-09
9.577707083474495468e-09
9.175033451145856255e-09
8.789646461970322804e-09
8.425422233143785381e-09
8.075693167111244709e-09
7.735857558848048933e-09
7.403115217037125256e-09
7.080086262427222115e-09
6.769959576862487650e-09
6.473473209392556206e-09
6.192853574990501148e-09
5.922248068664506335e-09
5.658199109592752234e-09
5.401647195693379465e-09
5.158354711093113564e-09
4.925554579833817292e-09
4.701991554485885963e-09
4.489475599885825019e-09
4.284769646052895301e-09
4.084598468953459926e-09
3.894803900758861113e-09
3.715426133535693559e-09
3.540605526312540478e-09
3.374720874647637163e-09
3.218451329893331044e-09
3.063609114795117101e-09
2.914477043719083544e-09
2.776120542482673060e-09
2.642818060122419237e-09
2.516760956187878216e-09
2.397652132683416573e-09
2.283526110440548653e-09
2.169908800458996769e-09
2.061707505698710218e-09
1.961048200541590106e-09
1.864041577053720088e-09
1.774646979988741924e-09
1.689187864818690630e-09
1.604262230828960300e-09
1.520250628372902970e-09
1.442794623011077681e-09
1.369098088908881697e-09
1.303824636676766674e-09
1.241455271901758118e-09
1.181063880202532867e-09
1.119417310651718501e-09
1.059831950802730447e-09
1.004812969554932951e-09
9.546892654349769286e-10
9.097579117309931657e-10
8.657281703330814206e-10
8.208111600593412954e-10
7.750690648451527863e-10
7.327056283399172893e-10
6.940488476823032469e-10
6.607997067736999805e-10
6.295799426407707481e-10
5.978483057339061300e-10
5.643433877237168713e-10
5.322740836743176086e-10
5.032143982603974187e-10
4.775306859907094172e-10
4.553493021884944098e-10
4.339969925595392128e-10
4.105089551215849620e-10
3.866727123618108510e-10
3.653485375983958573e-10
3.460110594394505571e-10
3.296382906330547582e-10
3.150144536384628049e-10
2.990290262399561456e-10
2.813322036255446993e-10
2.652291395796861816e-10
2.509285612602346100e-10
2.380065996956780191e-10
2.273148696639138497e-10
2.172213498804625185e-10
2.048390692383603517e-10
1.923718695165522851e-10
1.819857590940225159e-10
1.716793983346572136e-10
1.634684461219499969e-10
1.563170217135268903e-10
1.481462184715322674e-10
1.387089139578491362e-10
1.308554773865686882e-10
1.236874442682866865e-10
1.171114899989443017e-10
1.117995264206461590e-10
1.069074470464808574e-10
1.004559748996368622e-10
9.412432868228847488e-11
8.941259878373201239e-11
8.410026654388924148e-11
8.031504234088584248e-11
7.694915559796016649e-11
7.295435837972898229e-11
6.811257667701448838e-11
6.453476279038432786e-11
6.094361064144020601e-11
5.779203847498402802e-11
5.515854432063346766e-11
5.285390429874060343e-11
4.965152123892821534e-11
4.659776455715536085e-11
4.442615811390191798e-11
4.162678307149752445e-11
3.980273575665202338e-11
3.815451223844218420e-11
3.615551764235022407e-11
3.368211111725096878e-11
3.209905562929992822e-11
3.031169432876188629e-11
2.883409557424055971e-11
2.745570580345305329e-11
2.629645628108515689e-11
2.466038321228212335e-11
2.318796782025648608e-11
2.217794397112435286e-11
2.077228619442016065e-11
1.989032590425365289e-11
1.906945984565961382e-11
1.806399905391109091e-11
1.684507339219902582e-11
1.611050673930542702e-11
1.513002401639526709e-11
1.442513319449545611e-11
1.371864099687723442e-11
1.317536719951035374e-11
1.236841746982247629e-11
1.164742127443635072e-11
1.115241274432087206e-11
1.044812963663673043e-11
9.997929068996628724e-12
9.567898225945447891e-12
9.066762266957618689e-12
8.475448529607993533e-12
8.137991439758997702e-12
7.645813301999634005e-12
7.322124538287108497e-12
6.940662926877968688e-12
6.639636262149749224e-12
6.240027760280637601e-12
5.911843447650235095e-12
5.652065033095511767e-12
5.316325063641471485e-12
5.082505787608945817e-12
4.847800444715256016e-12
4.599597421961500692e-12
4.316197176286480434e-12
4.143809330654288300e-12
3.896097751196988752e-12
3.719458892664958709e-12
3.534660846191374796e-12
3.384205047386178074e-12
3.182741547375137724e-12
3.019633978306359251e-12
2.880367498981289054e-12
2.718457799589174016e-12
2.591833712996088644e-12
2.477859120661277749e-12
2.347778711056907471e-12
2.210908823070302787e-12
2.116629827497486005e-12
1.992769781163340587e-12
1.904719370976273643e-12
1.807107342566529557e-12
1.722977339361265100e-12
1.626298939694257366e-12
1.545297012402561295e-12
1.467656828734723307e-12
1.387916292670986197e-12
1.320332738916063995e-12
1.253432177885816149e-12
1.188264643419714700e-12
1.119732909310566830e-12
1.068585761569855769e-12
1.005287544408588286e-12
9.549542367370091965e-13
9.017285923387498346e-13
8.552384498433425870e-13
8.034730494544721162e-13
7.612360469006307200e-13
7.184984266822462768e-13
6.756193396723282792e-13
6.353577665106629013e-13
5.991770572246809861e-13
5.610782301173105044e-13
5.254279901345936398e-13
4.945958504316985746e-13
4.602805722174590952e-13
4.295938317494094168e-13
3.998942860729852330e-13
3.719970278897322251e-13
3.440526322970393905e-13
3.192298075279743899e-13
2.945163057440225247e-13
2.703644299878938944e-13
2.478106025552473201e-13
2.268601548562356998e-13
2.070172700075286458e-13
1.879236570087821678e-13
1.717514669439307657e-13
1.545447991907851304e-13
1.400077211037878684e-13
1.254826394914986608e-13
1.135144693588251436e-13
1.021060352962165069e-13
9.283742261257051951e-14
8.375984959971364006e-14
7.641350552268121781e-14
6.955416218107995310e-14
6.418405971159676844e-14
5.981968697954415881e-14
5.647010555524919375e-14
5.375758727439241225e-14
5.150712237221411664e-14
4.966235353725426137e-14
4.797451722545140171e-14
4.684169837062727160e-14
4.584535403612767610e-14
4.462183101663981717e-14
4.320104261692277975e-14
4.134134598622251380e-14
3.919207445881298861e-14
3.665536871772455212e-14
3.408591564597668149e-14
3.118144697783530968e-14
2.807415817540379004e-14
2.492136602745647069e-14
2.176987290833336168e-14
1.873210218320862510e-14
1.631319863092260631e-14
1.439342632508535153e-14
1.291082615326626586e-14
1.193788631991090554e-14
1.142733080083271457e-14
1.121116628251645385e-14
1.128377230959120865e-14
1.153111708189698017e-14
1.170636643496062164e-14
1.149757486931946971e-14
1.108628242633488155e-14
1.017760200685329379e-14
9.009530908606131810e-15
7.725885343938727132e-15
6.535458359355661765e-15
5.372549435658051405e-15
4.637058180857672443e-15
4.170121783626367235e-15
4.125101591396745706e-15
4.288268473058847645e-15
4.647305035338423974e-15
4.828637875480408298e-15
4.739351327361147214e-15
4.350006513206036913e-15
3.680871105420656126e-15
2.893952778344728342e-15
2.292016181277866723e-15
1.970224639043886233e-15
1.933520120494041781e-15
2.153604478850474759e-15
2.402341997703628211e-15
2.472456964477627847e-15
2.287999874081739210e-15
1.888563535076484620e-15
1.425562645138997836e-15
1.082759541850560941e-15
1.053321665908610603e-15
1.207399920258319279e-15
1.405968847018107412e-15
1.427687791409892773e-15
1.228958585146136694e-15
8.613614537128135828e-16
6.463966515069309351e-16
6.361742062693830750e-16
8.165480802670229836e-16
9.208824827356901753e-16
8.388471674118606997e-16
5.739805534833970708e-16
3.982038934704746629e-16
4.365015509409542837e-16
5.929718589829158267e-16
6.120106071091442196e-16
4.569391742383766242e-16
2.830060237657332526e-16
2.914705553059798967e-16
4.191176782699083431e-16
4.303935187303749017e-16
2.745170223394236308e-16
1.846770805308689835e-16
2.627822928635877008e-16
3.314371188886717817e-16
2.306302829112078092e-16
1.390440676395717001e-16
1.919652159214208601e-16
2.493402643102124578e-16
1.574830264034104898e-16
1.075354929491482891e-16
1.702102730789677810e-16
1.755446153828490832e-16
8.373769648425675864e-17
1.137945299361241517e-16
1.470744603532348811e-16
8.226732263024511896e-17
7.774532763586988631e-17
1.234878912589555641e-16
6.177711315597529364e-17
7.094690999488709749e-17
9.335039841410389479e-17
4.672347853912708332e-17
6.722750784117288993e-17
6.719816252730288059e-17
3.511823732981585785e-17
6.873566158603928980e-17
3.219582738818970623e-17
5.020322537858464641e-17
3.922764517325995223e-17
3.363395725130296516e-17
4.072832093911898146e-17
2.534976381790647262e-17
3.671305370342439626e-17
2.191673901933182312e-17
3.105355594386866012e-17
1.996392600112376795e-17
2.586978810723218680e-17
1.817005601723139229e-17
2.165175987417502634e-17
1.631150316775162732e-17
1.828403307029060355e-17
1.446579079087663354e-17
1.555811094787402474e-17
1.272262038252579262e-17
1.330976366445409325e-17
1.113025532550070386e-17
1.142708881912366136e-17
9.704264007560665457e-18
9.834175455944400331e-18
8.442109318147386767e-18
8.477276455876291952e-18
7.332786303122273309e-18
7.316336730131464486e-18
6.362032239044265636e-18
6.320176979152905501e-18
5.514923524263883783e-18
5.463735112889252201e-18
4.777101123937679592e-18
4.726413954221487086e-18
4.135303661981259807e-18
4.091030216582520369e-18
3.577555510281309973e-18
3.543103091747419996e-18
3.093184900063858648e-18
3.070344929934646410e-18
2.672760816063748578e-18
2.662279308169008674e-18
2.307994116423707564e-18
2.309944078120795706e-18
1.991626345288719084e-18
2.005654118192336368e-18
1.717318234363589957e-18
1.742807972235227338e-18
1.479543891006247442e-18
1.515727930665404344e-18
1.273493385189853017e-18
1.319526374426846540e-18
1.094984734567492811e-18
1.149993197320499942e-18
9.403853251814493898e-19
1.003500457501028003e-18
8.065423451225357251e-19
8.769212953414448753e-19
6.907215562017129430e-19
7.675607922508723560e-19
5.905536549042506786e-19
6.730968910008994493e-19
5.039874567245937470e-19
5.915298762719317500e-19
4.292491700857317265e-19
5.211391529942914683e-19
3.648070840979323860e-19
4.604462969292476457e-19
3.093410622289335413e-19
4.081835126406823367e-19
2.617162923402516089e-19
3.632667864548787488e-19
2.209608247363686358e-19
3.247731336958028094e-19
1.862464828591645810e-19
2.919214518814901689e-19
1.568728057862267193e-19
2.640565651553654395e-19
1.322537258317814103e-19
2.406361414450278900e-19
1.119067554612603441e-19
2.212202161963495667e-19
9.544449504759281033e-20
2.054631294202089209e-19
8.256833686327679383e-20
1.931077386229002127e-19
7.306427949725220712e-20
1.839818232037020817e-19
6.680082185046202146e-20
1.779966530279515169e-19
6.372894830459790377e-20
1.751477449963509765e-19
6.388427253402846098e-20
1.755178795220451962e-19
6.739145057465454054e-20
