# k_h
9.999999999999997430e-06
1.019961293380343695e-05
1.040321039994105774e-05
1.061087193483172660e-05
1.082267866254417933e-05
1.103871332648841289e-05
1.125906032173998055e-05
1.148380572800922301e-05
1.171303734326888972e-05
1.194684471805282555e-05
1.218531919043929033e-05
1.242855392173280624e-05
1.267664393285793978e-05
1.292968614147989718e-05
1.318777939986574527e-05
1.345102453350172260e-05
1.371952438048117954e-05
1.399338383167874617e-05
1.427270987172667260e-05
1.455761162080874068e-05
1.484820037728883355e-05
1.514458966119003131e-05
1.544689525854196961e-05
1.575523526661319867e-05
1.606973014004640653e-05
1.639050273791485668e-05
1.671767837171770588e-05
1.705138485433382609e-05
1.739175254995233672e-05
1.773891442500031152e-05
1.809300610008655907e-05
1.845416590298274079e-05
1.882253492266175215e-05
1.919825706441477314e-05
1.958147910606885178e-05
1.997235075532616927e-05
2.037102470824840567e-05
2.077765670890798481e-05
2.119240561023056954e-05
2.161543343605167020e-05
2.204690544441199475e-05
2.248699019211664323e-05
2.293585960058240213e-05
2.339368902300004727e-05
2.386065731283668330e-05
2.433694689370606511e-05
2.482274383063322692e-05
2.531823790274162199e-05
2.582362267739163623e-05
2.633909558579835685e-05
2.686485800015944820e-05
2.740111531232191039e-05
2.794807701401985357e-05
2.850595677871315095e-05
2.907497254506044863e-05
2.965534660205789970e-05
3.024730567587736478e-05
3.085108101843855351e-05
3.146690849774836464e-05
3.209502869004435559e-05
3.273568697377694765e-05
3.338913362546761269e-05
3.405562391748114090e-05
3.473541821774863889e-05
3.542878209148213271e-05
3.613598640491847883e-05
3.685730743113524644e-05
3.759302695797767015e-05
3.834343239814103728e-05
3.910881690144979065e-05
3.988947946937778581e-05
4.068572507185531348e-05
4.149786476640663496e-05
4.232621581966671112e-05
4.317110183132291212e-05
4.403285286053065296e-05
4.491180555485330909e-05
4.580830328177469313e-05
4.672269626283805875e-05
4.765534171046126788e-05
4.860660396748441167e-05
4.957685464950156099e-05
5.056647279003493591e-05
5.157584498860609041e-05
5.260536556176280171e-05
5.365543669712148492e-05
5.472646861048320572e-05
5.581887970608724527e-05
5.693309674006268218e-05
5.806955498714257591e-05
5.922869841070705065e-05
6.041097983621908498e-05
6.161686112812400900e-05
6.284681337027841152e-05
6.410131704998236612e-05
6.538086224568351789e-05
6.668594881842945365e-05
6.801708660714084794e-05
6.937479562778224823e-05
7.075960627650994391e-05
7.217205953687298974e-05
7.361270719115229006e-05
7.508211203591624015e-05
7.658084810188115171e-05
7.810950087815836027e-05
7.966866754097952125e-05
8.125895718698623459e-05
8.288099107117648029e-05
8.453540284960205499e-05
8.622283882690852982e-05
8.794395820881856023e-05
8.969943335965365958e-05
9.148995006499632419e-05
9.331620779959689171e-05
9.517892000062578705e-05
9.707881434638274772e-05
9.901663304056684074e-05
1.009931331022236332e-04
1.030090866614772455e-04
1.050652812611682706e-04
1.071625201645109938e-04
1.093016226688918192e-04
1.114834244259334207e-04
1.137087777679448864e-04
1.159785520408911693e-04
1.182936339440070986e-04
1.206549278761906636e-04
1.230633562893115277e-04
1.255198600485722790e-04
1.280253988000617756e-04
1.305809513456453414e-04
1.331875160253404293e-04
1.358461111073215176e-04
1.385577751857135611e-04
1.413235675863235919e-04
1.441445687804710667e-04
1.470218808070814875e-04
1.499566277032015899e-04
1.529499559431122277e-04
1.560030348862036437e-04
1.591170572337914787e-04
1.622932394950521667e-04
1.655328224622593222e-04
1.688370716955051878e-04
1.722072780170973399e-04
1.756447580158273809e-04
1.791508545613008365e-04
1.827269373285382982e-04
1.863744033330452950e-04
1.900946774765627776e-04
1.938892131037146468e-04
1.977594925697619306e-04
2.017070278196949240e-04
2.057333609788814064e-04
2.098400649555054486e-04
2.140287440550327333e-04
2.183010346069417791e-04
2.226586056039639579e-04
2.271031593540829999e-04
2.316364321455532721e-04
2.362601949251867954e-04
2.409762539901856863e-04
2.457864516937805313e-04
2.506926671649538211e-04
2.556968170425348379e-04
2.608008562239410287e-04
2.660067786288724785e-04
2.713166179782436262e-04
2.767324485886705153e-04
2.822563861828099492e-04
2.878905887158806883e-04
2.936372572186788320e-04
2.994986366574203980e-04
3.054770168107527302e-04
3.115747331642644427e-04
3.177941678228587323e-04
3.241377504413336442e-04
3.306079591735384070e-04
3.372073216404782069e-04
3.439384159177437806e-04
3.508038715426492569e-04
3.578063705414725689e-04
3.649486484772072924e-04
3.722334955182212074e-04
3.796637575282516886e-04
3.872423371781572379e-04
3.949721950798605217e-04
4.028563509429287904e-04
4.108978847542353900e-04
4.190999379811778430e-04
4.274657147989044479e-04
4.359984833420442268e-04
4.447015769814201985e-04
4.535783956262479620e-04
4.626324070523300325e-04
4.718671482567563186e-04
4.812862268396560944e-04
4.908933224135217203e-04
5.006921880406702300e-04
5.106866516993968088e-04
5.208806177793940881e-04
5.312780686070242954e-04
5.418830660010316280e-04
5.526997528593189692e-04
5.637323547773879714e-04
5.749851816990920496e-04
5.864626296003384951e-04
5.981691822063994485e-04
6.101094127435023086e-04
6.222879857253847940e-04
6.347096587755129927e-04
6.473792844856696236e-04
6.603018123116458646e-04
6.734822905067720539e-04
6.869258680940443619e-04
7.006377968776176515e-04
7.146234334944495973e-04
7.288882415069017351e-04
7.434377935371046285e-04
7.582777734439350012e-04
7.734139785434441128e-04
7.888523218736095141e-04
8.045988345042948868e-04
8.206596678933187261e-04
8.370410962895528939e-04
8.537495191839941915e-04
8.707914638097542662e-04
8.881735876919607652e-04
9.059026812485534335e-04
9.239856704429967984e-04
9.424296194899442047e-04
9.612417336149088869e-04
9.804293618690274742e-04
9.999999999999993703e-04
1.019961293380344108e-03
1.040321039994105334e-03
1.061087193483173114e-03
1.082267866254417411e-03
1.103871332648840740e-03
1.125906032173996625e-03
1.148380572800921772e-03
1.171303734326889501e-03
1.194684471805282019e-03
1.218531919043929629e-03
1.242855392173280137e-03
1.267664393285794500e-03
1.292968614147988133e-03
1.318777939986573965e-03
1.345102453350172870e-03
1.371952438048117378e-03
1.399338383167875221e-03
1.427270987172666542e-03
1.455761162080874624e-03
1.484820037728881411e-03
1.514458966119002284e-03
1.544689525854197557e-03
1.575523526661319054e-03
1.606973014004641235e-03
1.639050273791484895e-03
1.671767837171771361e-03
1.705138485433380265e-03
1.739175254995232751e-03
1.773891442500028686e-03
1.809300610008654931e-03
1.845416590298274784e-03
1.882253492266174185e-03
1.919825706441478019e-03
1.958147910606882359e-03
1.997235075532615735e-03
2.037102470824837721e-03
2.077765670890797858e-03
2.119240561023057971e-03
2.161543343605165732e-03
2.204690544441200058e-03
2.248699019211663347e-03
2.293585960058238966e-03
2.339368902300001732e-03
2.386065731283667449e-03
2.433694689370607608e-03
2.482274383063321540e-03
2.531823790274163270e-03
2.582362267739162377e-03
2.633909558579834546e-03
2.686485800015941255e-03
2.740111531232189684e-03
2.794807701401981481e-03
2.850595677871313807e-03
2.907497254506046219e-03
2.965534660205788615e-03
3.024730567587734838e-03
3.085108101843851095e-03
3.146690849774834865e-03
3.209502869004436914e-03
3.273568697377693057e-03
3.338913362546762787e-03
3.405562391748112681e-03
3.473541821774865732e-03
3.542878209148208040e-03
3.613598640491846609e-03
3.685730743113519413e-03
3.759302695797764847e-03
3.834343239814105679e-03
3.910881690144977357e-03
3.988947946937779557e-03
4.068572507185525683e-03
4.149786476640661761e-03
4.232621581966673416e-03
4.317110183132289586e-03
4.403285286053067356e-03
4.491180555485328740e-03
4.580830328177471454e-03
4.672269626283799722e-03
4.765534171046124402e-03
4.860660396748434607e-03
4.957685464950153768e-03
5.056647279003495705e-03
5.157584498860607117e-03
5.260536556176282665e-03
5.365543669712146378e-03
5.472646861048317997e-03
5.581887970608726858e-03
5.693309674006265426e-03
5.806955498714259922e-03
5.922869841070702544e-03
6.041097983621910965e-03
6.161686112812397864e-03
6.284681337027837357e-03
6.410131704998228534e-03
6.538086224568348537e-03
6.668594881842948401e-03
6.801708660714081596e-03
6.937479562778228401e-03
7.075960627650991139e-03
7.217205953687295776e-03
7.361270719115219248e-03
7.508211203591620871e-03
7.658084810188105739e-03
7.810950087815832395e-03
7.966866754097955486e-03
8.125895718698620748e-03
8.288099107117651715e-03
8.453540284960195036e-03
8.622283882690848916e-03
8.794395820881860740e-03
8.969943335965362488e-03
9.148995006499635943e-03
9.331620779959685918e-03
9.517892000062583638e-03
9.707881434638260948e-03
9.901663304056678924e-03
1.009931331022234993e-02
1.030090866614771956e-02
1.050652812611683161e-02
1.071625201645109472e-02
1.093016226688918631e-02
1.114834244259332689e-02
1.137087777679448436e-02
1.159785520408912127e-02
1.182936339440070553e-02
1.206549278761904868e-02
1.230633562893114832e-02
1.255198600485723376e-02
1.280253988000617203e-02
1.305809513456452839e-02
1.331875160253402635e-02
1.358461111073214558e-02
1.385577751857136261e-02
1.413235675863235355e-02
1.441445687804711329e-02
1.470218808070814127e-02
1.499566277032015303e-02
1.529499559431122917e-02
1.560030348862035711e-02
1.591170572337912564e-02
1.622932394950521093e-02
1.655328224622594144e-02
1.688370716955051032e-02
1.722072780170972456e-02
1.756447580158271640e-02
1.791508545613007541e-02
1.827269373285383622e-02
1.863744033330452105e-02
1.900946774765628622e-02
1.938892131037145763e-02
1.977594925697620173e-02
2.017070278196949826e-02
2.057333609788813272e-02
2.098400649555051678e-02
2.140287440550326173e-02
2.183010346069418767e-02
2.226586056039638745e-02
2.271031593540830812e-02
2.316364321455529479e-02
2.362601949251866978e-02
2.409762539901857958e-02
2.457864516937803903e-02
2.506926671649539057e-02
2.556968170425347187e-02
2.608008562239411132e-02
2.660067786288721273e-02
2.713166179782434961e-02
2.767324485886701532e-02
2.822563861828097931e-02
2.878905887158807880e-02
2.936372572186786781e-02
2.994986366574205194e-02
3.054770168107523443e-02
3.115747331642645945e-02
3.177941678228588668e-02
3.241377504413337635e-02
3.306079591735379408e-02
3.372073216404777168e-02
3.439384159177439476e-02
3.508038715426488319e-02
3.578063705414727402e-02
3.649486484772071493e-02
3.722334955182213939e-02
3.796637575282515303e-02
3.872423371781567175e-02
3.949721950798606995e-02
4.028563509429282374e-02
4.108978847542355678e-02
4.190999379811776587e-02
4.274657147989046474e-02
4.359984833420440381e-02
4.447015769814195718e-02
4.535783956262481181e-02
4.626324070523293863e-02
4.718671482567565051e-02
4.812862268396558840e-02
4.908933224135218765e-02
5.006921880406699915e-02
5.106866516993961713e-02
5.208806177793942616e-02
5.312780686070235625e-02
5.418830660010318101e-02
5.526997528593187436e-02
5.637323547773882143e-02
5.749851816990918241e-02
5.864626296003377232e-02
5.981691822063991276e-02
6.101094127435015280e-02
6.222879857253850455e-02
6.347096587755127195e-02
6.473792844856698925e-02
6.603018123116455307e-02
6.734822905067723575e-02
6.869258680940440454e-02
7.006377968776167364e-02
7.146234334944499833e-02
7.288882415069013188e-02
7.434377935371049018e-02
7.582777734439347106e-02
7.734139785434444858e-02
7.888523218736091802e-02
8.045988345042938417e-02
8.206596678933184008e-02
8.370410962895524776e-02
8.537495191839945818e-02
8.707914638097538629e-02
8.881735876919610861e-02
9.059026812485529434e-02
9.239856704429956491e-02
9.424296194899436929e-02
9.612417336149084446e-02
9.804293618690278211e-02
9.999999999999989453e-02
1.019961293380344663e-01
1.040321039994104857e-01
1.061087193483171709e-01
1.082267866254417038e-01
1.103871332648840298e-01
1.125906032173997068e-01
1.148380572800921234e-01
1.171303734326889917e-01
1.194684471805281395e-01
1.218531919043927964e-01
1.242855392173279616e-01
1.267664393285792834e-01
1.292968614147988471e-01
1.318777939986573444e-01
1.345102453350173477e-01
1.371952438048116563e-01
1.399338383167873234e-01
1.427270987172666039e-01
1.455761162080872750e-01
1.484820037728881992e-01
1.514458966119001659e-01
1.544689525854198164e-01
1.575523526661318230e-01
1.606973014004642042e-01
1.639050273791484158e-01
1.671767837171769244e-01
1.705138485433380924e-01
1.739175254995231901e-01
1.773891442500029614e-01
1.809300610008654220e-01
1.845416590298275539e-01
1.882253492266173500e-01
1.919825706441475599e-01
1.958147910606883313e-01
1.997235075532614867e-01
2.037102470824838640e-01
2.077765670890796834e-01
2.119240561023058855e-01
2.161543343605165091e-01
2.204690544441197386e-01
2.248699019211662375e-01
2.293585960058238116e-01
2.339368902300002495e-01
2.386065731283666114e-01
2.433694689370608788e-01
2.482274383063320655e-01
2.531823790274159713e-01
2.582362267739161110e-01
2.633909558579833332e-01
2.686485800015942504e-01
2.740111531232188313e-01
2.794807701401982869e-01
2.850595677871312628e-01
2.907497254506042350e-01
2.965534660205787487e-01
3.024730567587733399e-01
3.085108101843851980e-01
3.146690849774833598e-01
3.209502869004438597e-01
3.273568697377691739e-01
3.338913362546758190e-01
3.405562391748110929e-01
3.473541821774860927e-01
3.542878209148209723e-01
3.613598640491844649e-01
3.685730743113521113e-01
3.759302695797763216e-01
3.834343239814100301e-01
3.910881690144975553e-01
3.988947946937774769e-01
4.068572507185527765e-01
4.149786476640659472e-01
4.232621581966675151e-01
4.317110183132287782e-01
4.403285286053069680e-01
4.491180555485326797e-01
4.580830328177465383e-01
4.672269626283801491e-01
4.765534171046122425e-01
4.860660396748436862e-01
4.957685464950151721e-01
5.056647279003497752e-01
5.157584498860604549e-01
5.260536556176275136e-01
5.365543669712143915e-01
5.472646861048315881e-01
5.581887970608728766e-01
5.693309674006262755e-01
5.806955498714262420e-01
5.922869841070699248e-01
6.041097983621903644e-01
6.161686112812395644e-01
6.284681337027835379e-01
6.410131704998230928e-01
6.538086224568345761e-01
6.668594881842951905e-01
6.801708660714078647e-01
6.937479562778219311e-01
7.075960627650987878e-01
7.217205953687292341e-01
7.361270719115222683e-01
7.508211203591617089e-01
7.658084810188108271e-01
7.810950087815828891e-01
7.966866754097944314e-01
8.125895718698616932e-01
8.288099107117641307e-01
8.453540284960198159e-01
8.622283882690845447e-01
8.794395820881864001e-01
8.969943335965357978e-01
9.148995006499623939e-01
9.331620779959680645e-01
9.517892000062571078e-01
9.707881434638265805e-01
9.901663304056674830e-01
1.009931331022235312e+00
1.030090866614771450e+00
1.050652812611683640e+00
1.071625201645108882e+00
1.093016226688917181e+00
1.114834244259333307e+00
1.137087777679447909e+00
1.159785520408912696e+00
1.182936339440070039e+00
1.206549278761905430e+00
1.230633562893114208e+00
1.255198600485721627e+00
1.280253988000616738e+00
1.305809513456452242e+00
1.331875160253403134e+00
1.358461111073213878e+00
1.385577751857136830e+00
1.413235675863234730e+00
1.441445687804709275e+00
1.470218808070813399e+00
1.499566277032014616e+00
1.529499559431123590e+00
1.560030348862035066e+00
1.591170572337913258e+00
1.622932394950520330e+00
1.655328224622591771e+00
1.688370716955050366e+00
1.722072780170971651e+00
1.756447580158272181e+00
1.791508545613006653e+00
1.827269373285384635e+00
1.863744033330451355e+00
1.900946774765626124e+00
1.938892131037144750e+00
1.977594925697617523e+00
2.017070278196950728e+00
2.057333609788812190e+00
2.098400649555052677e+00
2.140287440550325382e+00
2.183010346069415686e+00
2.226586056039637551e+00
2.271031593540827842e+00
2.316364321455530728e+00
2.362601949251865729e+00
2.409762539901858958e+00
2.457864516937803057e+00
2.506926671649540417e+00
2.556968170425345743e+00
2.608008562239407802e+00
2.660067786288722314e+00
2.713166179782433574e+00
2.767324485886702767e+00
2.822563861828096599e+00
2.878905887158809129e+00
2.936372572186785490e+00
2.994986366574201142e+00
3.054770168107524775e+00
3.115747331642641615e+00
3.177941678228589861e+00
3.241377504413333721e+00
3.306079591735381129e+00
3.372073216404778861e+00
3.439384159177434785e+00
3.508038715426489595e+00
3.578063705414722850e+00
3.649486484772073158e+00
3.722334955182208471e+00
3.796637575282516774e+00
3.872423371781569035e+00
3.949721950798601888e+00
4.028563509429284650e+00
4.108978847542350543e+00
4.190999379811778169e+00
4.274657147989040951e+00
4.359984833420441852e+00
4.447015769814197661e+00
4.535783956262474881e+00
4.626324070523295973e+00
4.718671482567558861e+00
4.812862268396560950e+00
4.908933224135212825e+00
5.006921880406702385e+00
5.106866516993964211e+00
5.208806177793936065e+00
5.312780686070238012e+00
5.418830660010311107e+00
5.526997528593189379e+00
5.637323547773874566e+00
5.749851816990920739e+00
5.864626296003380368e+00
5.981691822063983643e+00
6.101094127435017889e+00
6.222879857253841962e+00
6.347096587755130415e+00
6.473792844856690820e+00
6.603018123116457971e+00
6.734822905067713528e+00
6.869258680940443007e+00
7.006377968776170029e+00
7.146234334944489675e+00
7.288882415069016574e+00
7.434377935371039747e+00
7.582777734439350326e+00
7.734139785434433811e+00
7.888523218736095188e+00
8.045988345042941248e+00
8.206596678933172129e+00
8.370410962895528328e+00
8.537495191839933995e+00
8.707914638097541626e+00
8.881735876919599093e+00
9.059026812485534208e+00
9.239856704429959322e+00
9.424296194899424606e+00
9.612417336149087888e+00
9.804293618690264722e+00
9.999999999999992895e+00
1.019852905968820522e+01
1.040099949813049207e+01
1.060748956314863456e+01
1.081807905601108288e+01
1.103284936227334434e+01
1.125188348323073306e+01
1.147526606799544524e+01
1.170308344621056484e+01
1.193542366141345745e+01
1.217237650506154445e+01
1.241403355123362573e+01
1.266048819202005937e+01
1.291183567361561124e+01
1.316817313312877502e+01
1.342959963612194052e+01
1.369621621489679164e+01
1.396812590753978256e+01
1.424543379774283380e+01
1.452824705541448935e+01
1.481667497809743850e+01
1.511082903320820137e+01
1.541082290111541830e+01
1.571677251907342843e+01
1.602879612602794879e+01
1.634701430831138680e+01
1.667155004624527592e+01
1.700252876166788951e+01
1.734007836640546074e+01
1.768432931170570299e+01
1.803541463865267502e+01
1.839347002958254862e+01
1.875863386052019166e+01
1.913104725465664657e+01
1.951085413688842252e+01
1.989820128943946287e+01
2.029323840858738492e+01
2.069611816251595116e+01
2.110699625031599425e+01
2.152603146215778196e+01
2.195338574065790027e+01
2.238922424346444373e+01
2.283371540708480651e+01
2.328703101198048842e+01
2.374934624895436031e+01
2.422083978685584071e+01
2.470169384163018833e+01
2.519209424673868369e+01
2.569223052497687121e+01
2.620229596171852648e+01
2.672248767961374938e+01
2.725300671477011960e+01
2.779405809444610753e+01
2.834585091628710174e+01
2.890859842913438982e+01
2.948251811543840972e+01
3.006783177530829221e+01
3.066476561222982511e+01
3.127355032048536643e+01
3.189442117430917989e+01
3.252761811881273957e+01
3.317338586271525003e+01
3.383197397291516495e+01
3.450363697093905557e+01
3.518863443130547353e+01
3.588723108184142774e+01
3.659969690599058367e+01
3.732630724715257742e+01
3.806734291509362578e+01
3.882309029446987125e+01
3.959384145550505707e+01
4.037989426686561956e+01
4.118155251077664758e+01
4.199912600042319610e+01
4.283293069968227229e+01
4.368328884523211997e+01
4.455052907108537852e+01
4.543498653559487366e+01
4.633700305098071937e+01
4.725692721542884556e+01
4.819511454781218873e+01
4.915192762508647206e+01
5.012773622241362403e+01
5.112291745606710691e+01
5.213785592917423628e+01
5.317294388035208641e+01
5.422858133529413038e+01
5.530517626136629872e+01
5.640314472527229128e+01
5.752291105384899339e+01
5.866490799805392697e+01
5.982957690020884911e+01
6.101736786456311279e+01
6.222873993124326120e+01
6.346416125365646366e+01
6.472410927941541559e+01
6.600907093485537303e+01
6.731954281321431210e+01
6.865603136654914351e+01
7.001905310146169370e+01
7.140913477871092141e+01
7.282681361678754683e+01
7.427263749953057470e+01
7.574716518786510733e+01
7.725096653574456695e+01
7.878462271037926712e+01
8.034872641683749350e+01
8.194388212710551045e+01
8.357070631369518310e+01
8.522982768788895669e+01
8.692188744271545886e+01
8.864753950074823763e+01
9.040745076682395620e+01
9.220230138577855428e+01
9.403278500529934547e+01
9.589960904399593744e+01
9.780349496479311711e+01
9.974517855375123077e+01
1.017254102044222321e+02
1.037449552078504098e+02
1.058045940483315377e+02
1.079051227050423734e+02
1.100473529596596904e+02
1.122321127100855023e+02
1.144602462904009883e+02
1.167326147971724453e+02
1.190500964222353417e+02
1.214135867920851979e+02
1.238239993140057891e+02
1.262822655290701448e+02
1.287893354721486219e+02
1.313461780390641422e+02
1.339537813610377555e+02
1.366131531865664783e+02
1.393253212708835633e+02
1.420913337731502395e+02
1.449122596615329996e+02
1.477891891263229525e+02
1.507232340012562020e+02
1.537155281931999014e+02
1.567672281203672071e+02
1.598795131592336247e+02
1.630535861003248215e+02
1.662906736130536558e+02
1.695920267197855651e+02
1.729589212793152910e+02
1.763926584799424688e+02
1.798945653423351700e+02
1.834659952323785319e+02
1.871083283842033325e+02
1.908229724335982382e+02
1.946113629620134589e+02
1.984749640513624627e+02
2.024152688498393502e+02
2.064338001489688850e+02
2.105321109721128039e+02
2.147117851746598092e+02
2.189744380561300829e+02
2.233217169844341186e+02
2.277553020325217972e+02
2.322769066276739522e+02
2.368882782136818435e+02
2.415911989261740587e+02
2.463874862813501920e+02
2.512789938783880928e+02
2.562676121157959415e+02
2.613552689219852141e+02
2.665439305003494042e+02
2.718356020891331468e+02
2.772323287363865916e+02
2.827361960903074305e+02
2.883493312052705164e+02
2.940739033638612909e+02
2.999121249152282758e+02
3.058662521300796584e+02
3.119385860726541750e+02
3.181314734900016674e+02
3.244473077189215360e+02
3.308885296109024807e+02
3.374576284754293169e+02
3.441571430420134448e+02
3.509896624413246968e+02
3.579578272058006405e+02
3.650643302901210063e+02
3.723119181119417931e+02
3.797033916132896820e+02
3.872416073430308643e+02
3.949294785608275902e+02
4.027699763630113239e+02
4.107661308308105959e+02
4.189210322013711902e+02
4.272378320620265981e+02
4.357197445682770649e+02
4.443700476859498849e+02
4.531920844580200765e+02
4.621892642965792675e+02
4.713650643004584140e+02
4.807230305990028114e+02
4.902667797225316235e+02
4.999999999999998295e+02
