# ell
1.000000000000000056e-01
1.168601296175442311e-01
1.365628989422924267e-01
1.595875807134388702e-01
1.864942536752277336e-01
2.179374265741428618e-01
2.546819591796836146e-01
2.976216676098794034e-01
3.478010665388018285e-01
4.064407771684450665e-01
4.749672190175991404e-01
5.550473077848114833e-01
6.486290033160204693e-01
7.579886940120869054e-01
8.857865703088555476e-01
1.035131334197728403e+00
1.209655818855280396e+00
1.413605357840446608e+00
1.651941053452895991e+00
1.930460456270480796e+00
2.255938591413119809e+00
2.636292762017573121e+00
3.080775138791672862e+00
3.600197820417027295e+00
4.207195839427340545e+00
4.916534511218720205e+00
5.745468602501492050e+00
6.714162056018550651e+00
7.846178481395250870e+00
9.169054343382352812e+00
1.071496879037969308e+01
1.252152641691711388e+01
1.463267200090438891e+01
1.709975946676697944e+01
1.998280107715217468e+01
2.335192723997606734e+01
2.728909244083063612e+01
3.189006879780616543e+01
3.726677573224033324e+01
4.355000242497554552e+01
5.089258928227010870e+01
5.947314580098524317e+01
6.950039527066245171e+01
8.121825199800176165e+01
9.491175455796852134e+01
1.109139993987275119e+02
1.296142434613551302e+02
1.514673729117390337e+02
1.770049683129472271e+02
2.068482354000033467e+02
2.417231160000470425e+02
2.824779466732216520e+02
3.301040946233044338e+02
3.857600728496142324e+02
4.507997211447924428e+02
5.268051384453326591e+02
6.156251676190988746e+02
7.194203688379031973e+02
8.407155755189879756e+02
9.824613112663728316e+02
1.148105561788108616e+03
1.341677647651817324e+03
1.567886238095531326e+03
1.832233890094079015e+03
2.141150898860512370e+03
2.502151715715607224e+03
2.924017738212869972e+03
3.417010918915543243e+03
3.993123388890340721e+03
4.666369168045725019e+03
5.453125058211362557e+03
6.372529011232579251e+03
7.446945662441998138e+03
8.702510353677820603e+03
1.016976487928810275e+04
1.188440041973556254e+04
1.388812573477096885e+04
1.622968173510086308e+04
1.896602711215376257e+04
2.216372386656145682e+04
2.590055643853834408e+04
3.026742382574109070e+04
3.537055071465248329e+04
4.133407141158217564e+04
4.830304942778319673e+04
5.644700617053387396e+04
6.596404457610918325e+04
7.708566799261579581e+04
9.008241153272058000e+04
1.052704228797468386e+05
1.230191526262092812e+05
1.437603412133926468e+05
1.679985210805944516e+05
1.963232894903403358e+05
2.294236505678381945e+05
2.681047754268773133e+05
3.133075880746745388e+05
3.661316535256667994e+05
4.278619248809519340e+05
4.999999999999999418e+05
