# d_l
# unit = Mpc
0.000000000000000000e+00
4.393561338000845495e+01
8.860640825714006041e+01
1.340069794663437790e+02
1.801318950176404314e+02
2.269756980510448159e+02
2.745329087905048482e+02
3.227980264944686724e+02
3.717655314007743073e+02
4.214298866635766672e+02
4.717855402801154128e+02
5.228269270051608828e+02
5.745484702510578927e+02
6.269445839713558826e+02
6.800096745260703983e+02
7.337381425267054738e+02
7.881243846592652744e+02
8.431627954834988259e+02
8.988477692067856424e+02
9.551737014310846234e+02
1.012134990871487730e+03
1.069726041044998283e+03
1.127941261928223639e+03
1.186775071582788769e+03
1.246221897747327603e+03
1.306276179395027839e+03
1.366932368255758092e+03
1.428184930301925533e+03
1.490028347197264111e+03
1.552457117707863517e+03
1.615465759074802236e+03
1.679048808347869681e+03
1.743200823679885843e+03
1.807916385581264421e+03
1.873190098134483605e+03
1.939016590168250787e+03
2.005390516391179972e+03
2.072306558484904599e+03
2.139759426156554582e+03
2.207743858150710366e+03
2.276254623220812391e+03
2.345286521060317682e+03
2.414834383193678150e+03
2.484893073827514399e+03
2.555457490662221517e+03
2.626522565664410195e+03
2.698083265800587014e+03
2.770134593732491794e+03
2.842671588474626333e+03
2.915689326014472954e+03
2.989182919895954456e+03
3.063147521766772570e+03
3.137578321890192001e+03
3.212470549621961709e+03
3.287819473853019190e+03
3.363620403418700334e+03
3.439868687475145180e+03
3.516559715843632603e+03
3.593688919323634764e+03
3.671251769975270690e+03
3.749243781372039848e+03
3.827660508824484168e+03
3.906497549575719404e+03
3.985750542969487924e+03
4.065415170591629249e+03
4.145487156385713206e+03
4.225962266743677901e+03
4.306836310572219190e+03
4.388105139335802960e+03
4.469764647077001428e+03
4.551810770415046136e+03
4.634239488523273394e+03
4.717046823086338009e+03
4.800228838237900163e+03
4.883781640479551243e+03
4.967701378581758945e+03
5.051984243467538363e+03
5.136626468079601182e+03
5.221624327231667849e+03
5.306974137444688495e+03
5.392672256768622901e+03
5.478715084590477090e+03
5.565099061429263202e+03
5.651820668718516572e+03
5.738876428576995750e+03
5.826262903568251204e+03
5.913976696449537485e+03
6.002014449910821895e+03
6.090372846304300765e+03
6.179048607365125463e+03
6.268038493923759233e+03
6.357339305610591509e+03
6.446947880553230789e+03
6.536861095067090901e+03
6.627075863339586249e+03
6.717589137108588147e+03
6.808397905335439646e+03
6.899499193873045442e+03
6.990890065129448885e+03
7.082567617727281686e+03
7.174528986159481974e+03
7.266771340441683606e+03
7.359291885761607773e+03
7.452087862125812535e+03
7.545156544004176794e+03
7.638495239972377021e+03
7.732101292352715973e+03
7.825972076853580802e+03
7.920105002207804318e+03
8.014497509810259544e+03
8.109147073354854911e+03
8.204051198471253883e+03
8.299207422361530917e+03
8.394613313437001125e+03
8.490266470955417390e+03
8.586164524658765004e+03
8.682305134411821200e+03
8.778685989841702394e+03
8.875304809978575577e+03
8.972159342897635725e+03
9.069247365362576602e+03
9.166566682470691376e+03
9.264115127299748565e+03
9.361890560556708806e+03
9.459890870228500717e+03
9.558113971234957717e+03
9.656557805083964922e+03
9.755220339528945260e+03
9.854099568228864882e+03
9.953193510410694216e+03
1.005250021053456658e+04
1.015201773796158523e+04
1.025174418662442804e+04
1.035167767470078070e+04
1.045181634428969119e+04
1.055215836109088741e+04
1.065270191408703613e+04
1.075344521522915420e+04
1.085438649912506662e+04
1.095552402273099506e+04
1.105685606504632415e+04
1.115838092681158560e+04
1.126009693020961458e+04
1.136200241857004585e+04
1.146409575607698753e+04
1.156637532747997648e+04
1.166883953780830780e+04
1.177148681208861672e+04
1.187431559506575650e+04
1.197732435092700143e+04
1.208051156302957497e+04
1.218387573363151387e+04
1.228741538362583742e+04
1.239112905227792180e+04
1.249501529696634498e+04
1.259907269292691672e+04
1.270329983299999003e+04
1.280769532738107227e+04
1.291225780337467768e+04
1.301698590515140313e+04
1.312187829350824904e+04
1.322693364563209980e+04
1.333215065486643653e+04
1.343752803048117130e+04
1.354306449744565725e+04
1.364875879620474007e+04
1.375460968245799631e+04
1.386061592694196042e+04
1.396677631521544208e+04
1.407308964744785408e+04
1.417955473821044870e+04
1.428617041627062099e+04
1.439293552438911865e+04
1.449984891912010789e+04
1.460690947061412226e+04
1.471411606242388734e+04
1.482146759131295221e+04
1.492896296706708381e+04
1.503660111230842631e+04
1.514438096231238706e+04
1.525230146482718555e+04
1.536036157989612911e+04
1.546856027968239505e+04
1.557689654829655774e+04
1.568536938162659317e+04
1.579397778717038454e+04
1.590272078387083275e+04
1.601159740195334416e+04
1.612060668276582692e+04
1.622974767862103909e+04
1.633901945264132701e+04
1.644842107860574470e+04
1.655795164079941242e+04
1.666761023386527086e+04
1.677739596265792716e+04
1.688730794209988380e+04
1.699734529703985390e+04
1.710750716211326653e+04
1.721779268160488937e+04
1.732820100931357956e+04
1.743873130841904640e+04
1.754938275135072763e+04
1.766015451965862303e+04
1.777104580388609247e+04
1.788205580344467671e+04
1.799318372649074081e+04
1.810442878980415117e+04
1.821579021866864423e+04
1.832726724675419609e+04
1.843885911600106192e+04
1.855056507650576532e+04
1.866238438640861568e+04
1.877431631178324096e+04
1.888636012652752470e+04
1.899851511225646391e+04
1.911078055819652582e+04
1.922315576108173263e+04
1.933564002505124517e+04
1.944823266154864177e+04
1.956093298922260510e+04
1.967374033382930793e+04
1.978665402813613036e+04
1.989967341182699602e+04
2.001279783140907966e+04
2.012602664012098103e+04
2.023935919784231373e+04
2.035279487100465121e+04
2.046633303250392419e+04
2.057997306161400047e+04
2.069371434390180730e+04
2.080755627114353774e+04
2.092149824124232691e+04
2.103553965814704861e+04
2.114967993177241442e+04
2.126391846151711070e+04
2.137825470122592014e+04
2.149268806239678088e+04
2.160721797803249137e+04
2.172184388672004934e+04
2.183656523255784123e+04
2.195138146508383579e+04
2.206629203920502550e+04
2.218129641512764283e+04
2.229639405828878807e+04
2.241158443928885390e+04
2.252686703382505948e+04
2.264224132262592320e+04
2.275770679138688138e+04
2.287326293070660176e+04
2.298890923602460316e+04
2.310464520755951526e+04
2.322047035024841171e+04
2.333638417368705996e+04
2.345238619207096417e+04
2.356847592413743405e+04
2.368465289310836670e+04
2.380091662663401803e+04
2.391726665673752359e+04
2.403370251976026702e+04
2.415022375630807437e+04
2.426682991119823419e+04
2.438352053340719795e+04
2.450029517601917905e+04
2.461715339617541031e+04
2.473409475502425630e+04
2.485111881767192608e+04
2.496822515313405529e+04
2.508541333428787038e+04
2.520268293782514593e+04
2.532003354420579853e+04
2.543746473761216839e+04
2.555497610590402473e+04
2.567256724057409156e+04
2.579023773670441005e+04
2.590798719292311944e+04
2.602581521136207812e+04
2.614372139761491781e+04
2.626170536069584341e+04
2.637976671299888767e+04
2.649790507025790794e+04
2.661612005150702316e+04
2.673441127904170207e+04
2.685277837838036794e+04
2.697122097822658179e+04
2.708973871043171675e+04
2.720833120995819991e+04
2.732699811484333259e+04
2.744573906616344902e+04
2.756455370799882076e+04
2.768344168739881934e+04
2.780240265434777393e+04
2.792143626173119992e+04
2.804054216530245321e+04
2.815972002365001390e+04
2.827896949816510096e+04
2.839829025300974172e+04
2.851768195508538702e+04
2.863714427400181739e+04
2.875667688204662045e+04
2.887627945415505019e+04
2.899595166788017013e+04
2.911569320336366945e+04
2.923550374330681370e+04
2.935538297294199947e+04
2.947533058000460005e+04
2.959534625470514584e+04
2.971542968970206493e+04
2.983558058007460932e+04
2.995579862329625030e+04
3.007608351920839050e+04
3.019643496999450144e+04
3.031685268015449401e+04
3.043733635647958727e+04
3.055788570802733375e+04
3.067850044609719407e+04
3.079918028420618430e+04
3.091992493806516359e+04
3.104073412555511823e+04
3.116160756670399860e+04
3.128254498366372718e+04
3.140354610068762486e+04
3.152461064410799372e+04
3.164573834231411092e+04
3.176692892573050995e+04
3.188818212679549470e+04
3.200949767993992282e+04
3.213087532156638554e+04
3.225231479002849301e+04
3.237381582561061077e+04
3.249537817050764716e+04
3.261700156880530631e+04
3.273868576646050133e+04
3.286043051128202933e+04
3.298223555291149387e+04
3.310410064280447114e+04
3.322602553421195626e+04
3.334800998216203152e+04
3.347005374344169832e+04
3.359215657657904376e+04
3.371431824182558921e+04
3.383653850113885710e+04
3.395881711816519237e+04
3.408115385822274402e+04
3.420354848828478134e+04
3.432600077696293010e+04
3.444851049449115089e+04
3.457107741270925908e+04
3.469370130504723056e+04
3.481638194650934747e+04
3.493911911365864944e+04
3.506191258460168319e+04
3.518476213897321577e+04
3.530766755792132608e+04
3.543062862409267109e+04
3.555364512161776656e+04
3.567671683609661704e+04
3.579984355458457139e+04
3.592302506557809102e+04
3.604626115900092555e+04
3.616955162619041948e+04
3.629289625988392072e+04
3.641629485420532728e+04
3.653974720465195423e+04
3.666325310808142240e+04
3.678681236269868532e+04
3.691042476804339094e+04
3.703409012497717777e+04
3.715780823567121843e+04
3.728157890359403973e+04
3.740540193349917536e+04
3.752927713141334243e+04
3.765320430462437071e+04
3.777718326166976476e+04
3.790121381232474232e+04
3.802529576759108022e+04
3.814942893968572753e+04
3.827361314202949870e+04
3.839784818923617422e+04
3.852213389710147749e+04
3.864647008259234281e+04
3.877085656383620517e+04
3.889529316011048650e+04
3.901977969183212554e+04
3.914431598054731148e+04
3.926890184892134857e+04
3.939353712072844064e+04
3.951822162084195588e+04
3.964295517522439332e+04
3.976773761091772030e+04
3.989256875603387743e+04
4.001744843974513060e+04
4.014237649227471411e+04
4.026735274488756113e+04
4.039237702988117962e+04
4.051744918057642644e+04
4.064256903130871797e+04
4.076773641741896427e+04
4.089295117524499074e+04
4.101821314211264689e+04
4.114352215632745356e+04
4.126887805716590083e+04
