# d_m
# unit = Mpc
0.000000000000000000e+00
4.350060730693906663e+01
8.686902770307848698e+01
1.301038635595570554e+02
1.732037452092696412e+02
2.161673314771855416e+02
2.589933101797215613e+02
3.016803985929613532e+02
3.442273438896058337e+02
3.866329235445656991e+02
4.288959457091958143e+02
4.710152495541989310e+02
5.129897055813016777e+02
5.548182159038548207e+02
5.964997144965528832e+02
6.380331674145265879e+02
6.794175729821253071e+02
7.206519619517084720e+02
7.617353976328691942e+02
8.026669759925081280e+02
8.434458257262398320e+02
8.840711083016514067e+02
9.245420179739538753e+02
9.648577817746250957e+02
1.005017659473651293e+03
1.045020943516022271e+03
1.084866958933141404e+03
1.124555063229862526e+03
1.164084646247862565e+03
1.203455130006095715e+03
1.242665968519078660e+03
1.281716647593793596e+03
1.320606684605974124e+03
1.359335628256589644e+03
1.397903058309316066e+03
1.436308585309815271e+03
1.474551850287632533e+03
1.512632524441536134e+03
1.550550308809097714e+03
1.588304933921374186e+03
1.625896159443437682e+03
1.663323773801643938e+03
1.700587593798364878e+03
1.737687464215045111e+03
1.774623257404320611e+03
1.811394872872007227e+03
1.848002236849717065e+03
1.884445301858838093e+03
1.920724046266639562e+03
1.956838473835216746e+03
1.992788613263969637e+03
2.028574517726339536e+03
2.064196264401442022e+03
2.099653954001282273e+03
2.134947710294168246e+03
2.170077679624967914e+03
2.205044030432785348e+03
2.239846952766645245e+03
2.274486657799768636e+03
2.308963377342937747e+03
2.343277363357524791e+03
2.377428887468623998e+03
2.411418240478838925e+03
2.445245731883121607e+03
2.478911689385139653e+03
2.512416458415583747e+03
2.545760401652817563e+03
2.578943898546239325e+03
2.611967344842739749e+03
2.644831152116569228e+03
2.677535747302968502e+03
2.710081572235832482e+03
2.742469083189731464e+03
2.774698750426532115e+03
2.806771057746868337e+03
2.838686502046719397e+03
2.870445592879283140e+03
2.902048852022373467e+03
2.933496813051498521e+03
2.964790020918820119e+03
2.995929031538123581e+03
3.026914411375953932e+03
3.057746737049045805e+03
3.088426594928151189e+03
3.118954580748367334e+03
3.149331299226081683e+03
3.179557363682547475e+03
3.209633395674235999e+03
3.239560024629947293e+03
3.269337887494775259e+03
3.298967628380926271e+03
3.328449898225440393e+03
3.357785354454807930e+03
3.386974660656523611e+03
3.416018486257518816e+03
3.444917506209532348e+03
3.473672400681346971e+03
3.502283854757891277e+03
3.530752558146186402e+03
3.559079204888081222e+03
3.587264493079740987e+03
3.615309124597853042e+03
3.643213804832479127e+03
3.670979242426508335e+03
3.698606149021655256e+03
3.726095239010915975e+03
3.753447229297434660e+03
3.780662839059700218e+03
3.807742789522982548e+03
3.834687803736966544e+03
3.861498606359454698e+03
3.888175923446091474e+03
3.914720482246005304e+03
3.941133011003286811e+03
3.967414238764214588e+03
3.993564895190123480e+03
4.019585710375842609e+03
4.045477414673595376e+03
4.071240738522282754e+03
4.096876412282025740e+03
4.122385166073898290e+03
4.147767729624747517e+03
4.173024832117004735e+03
4.198157202043366851e+03
4.223165567066294898e+03
4.248050653882203733e+03
4.272813188090250151e+03
4.297453894065614804e+03
4.321973494837220642e+03
4.346372711969735064e+03
4.370652265449812148e+03
4.394812873576443963e+03
4.418855252855356412e+03
4.442780117897330456e+03
4.466588181320381409e+03
4.490280153655696267e+03
4.513856743257218113e+03
4.537318656214833027e+03
4.560666596271036724e+03
4.583901264741002706e+03
4.607023360435968243e+03
4.630033579589869078e+03
4.652932615789097326e+03
4.675721159905368950e+03
4.698399900031552534e+03
4.720969521420398451e+03
4.743430706426141114e+03
4.765784134448833356e+03
4.788030481881353808e+03
4.810170422059036355e+03
4.832204625211829807e+03
4.854133758418930483e+03
4.875958485565808587e+03
4.897679467303525598e+03
4.919297361010371787e+03
4.940812820755653775e+03
4.962226497265621219e+03
4.983539037891467160e+03
5.004751086579331968e+03
5.025863283842240889e+03
5.046876266733941520e+03
5.067790668824558452e+03
5.088607120178028708e+03
5.109326247331244303e+03
5.129948673274870998e+03
5.150475017435751397e+03
5.170905895660900569e+03
5.191241920202981419e+03
5.211483699707255255e+03
5.231631839199945716e+03
5.251686940077943291e+03
5.271649600099860436e+03
5.291520413378352714e+03
5.311299970373665928e+03
5.330988857888365601e+03
5.350587659063231513e+03
5.370096953374258192e+03
5.389517316630715868e+03
5.408849320974253715e+03
5.428093534878991704e+03
5.447250523152566529e+03
5.466320846938124305e+03
5.485305063717160920e+03
5.504203727313270974e+03
5.523017387896687978e+03
5.541746591989608532e+03
5.560391882472318684e+03
5.578953798590015140e+03
5.597432875960356796e+03
5.615829646581674751e+03
5.634144638841837150e+03
5.652378377527747034e+03
5.670531383835415909e+03
5.688604175380639390e+03
5.706597266210179441e+03
5.724511166813519594e+03
5.742346384135085827e+03
5.760103421586958575e+03
5.777782779062044028e+03
5.795384952947685633e+03
5.812910436139682133e+03
5.830359718056720340e+03
5.847733284655173520e+03
5.865031618444255400e+03
5.882255198501537961e+03
5.899404500488767553e+03
5.916479996668022977e+03
5.933482155918125500e+03
5.950411443751361730e+03
5.967268322330441151e+03
5.984053250485730132e+03
6.000766683732674210e+03
6.017409074289500495e+03
6.033980871095056500e+03
6.050482519826899079e+03
6.066914462919531616e+03
6.083277139582826749e+03
6.099570985820581882e+03
6.115796434449258413e+03
6.131953915116804637e+03
6.148043854321657818e+03
6.164066675431816293e+03
6.180022798704035267e+03
6.195912641303120836e+03
6.211736617321290396e+03
6.227495137797634925e+03
6.243188610737624003e+03
6.258817441132698150e+03
6.274382030979878436e+03
6.289882779301460687e+03
6.305320082164708765e+03
6.320694332701609710e+03
6.336005921128628870e+03
6.351255234766490503e+03
6.366442653148836143e+03
6.381568567530124710e+03
6.396633351903804396e+03
6.411637382205486574e+03
6.426581031573979089e+03
6.441464670371044122e+03
6.456288666201128763e+03
6.471053383931091957e+03
6.485759185709836856e+03
6.500406430987984095e+03
6.514995476537457762e+03
6.529526676471031351e+03
6.544000382261827326e+03
6.558416942762789404e+03
6.572776704226034781e+03
6.587080010322235466e+03
6.601327202159861372e+03
6.615518618304391566e+03
6.629654594797460049e+03
6.643735465175910576e+03
6.657761560490800548e+03
6.671733209326301221e+03
6.685650737818544258e+03
6.699514469674376414e+03
6.713324726190018737e+03
6.727081826269659359e+03
6.740786086443953536e+03
6.754437820888420902e+03
6.768037341441761782e+03
6.781584957624079834e+03
6.795080976655015547e+03
6.808525703471760607e+03
6.821919440747009503e+03
6.835262488906776525e+03
6.848555146148137283e+03
6.861797708456855617e+03
6.874990469624910475e+03
6.888133721267930923e+03
6.901227752842497466e+03
6.914272851663380607e+03
6.927269302920619339e+03
6.940217389696554164e+03
6.953117392982690944e+03
6.965969591696510179e+03
6.978774262698118946e+03
6.991531680806835539e+03
7.004242118817637675e+03
7.016905847517507027e+03
7.029523135701667343e+03
7.042094250189707964e+03
7.054619455841592753e+03
7.067099015573558063e+03
7.079533190373920661e+03
7.091922239318720131e+03
7.104266419587324890e+03
7.116565986477845399e+03
7.128821193422506440e+03
7.141032292002863869e+03
7.153199531964911330e+03
7.165323161234099643e+03
7.177403425930228877e+03
7.189440570382213082e+03
7.201434837142774995e+03
7.213386467002976133e+03
7.225295699006688665e+03
7.237162770464924506e+03
7.248987916970042534e+03
7.260771372409893047e+03
7.272513368981794883e+03
7.284214137206452506e+03
7.295873905941733028e+03
7.307492902396332283e+03
7.319071352143364493e+03
7.330609479133810055e+03
7.342107505709865109e+03
7.353565652618188324e+03
7.364984139023049465e+03
7.376363182519342445e+03
7.387702999145531066e+03
7.399003803396449257e+03
7.410265808236035809e+03
7.421489225109923609e+03
7.432674263957971561e+03
7.443821133226647362e+03
7.454930039881340235e+03
7.466001189418551803e+03
7.477034785878006005e+03
7.488031031854630783e+03
7.498990128510451541e+03
7.509912275586408214e+03
7.520797671414031356e+03
7.531646512927040931e+03
7.542458995672860510e+03
7.553235313824004152e+03
7.563975660189395967e+03
7.574680226225558727e+03
7.585349202047746076e+03
7.595982776440951056e+03
7.606581136870840055e+03
7.617144469494571240e+03
7.627672959171537514e+03
7.638166789474013967e+03
7.648626142697714386e+03
7.659051199872242250e+03
7.669442140771471713e+03
7.679799143923823067e+03
7.690122386622467275e+03
7.700412044935417725e+03
7.710668293715553773e+03
7.720891306610560605e+03
7.731081256072733595e+03
7.741238313368797208e+03
7.751362648589519267e+03
7.761454430659334321e+03
7.771513827345836035e+03
7.781541005269186826e+03
7.791536129911484750e+03
7.801499365625991231e+03
7.811430875646312415e+03
7.821330822095513213e+03
7.831199365995103108e+03
7.841036667273981948e+03
7.850842884777317522e+03
7.860618176275293081e+03
7.870362698471818476e+03
7.880076607013163084e+03
7.889760056496505058e+03
7.899413200478379622e+03
7.909036191483107359e+03
7.918629181011106994e+03
7.928192319547129046e+03
7.937725756568471297e+03
7.947229640553041463e+03
7.956704118987412585e+03
7.966149338374795661e+03
7.975565444242894955e+03
7.984952581151775121e+03
7.994310892701565535e+03
8.003640521540202826e+03
8.012941609370980586e+03
8.022214296960142747e+03
8.031458724144364169e+03
8.040675029838130285e+03
8.049863352041126745e+03
8.059023827845499000e+03
8.068156593443078236e+03
8.077261784132542743e+03
8.086339534326503781e+03
8.095389977558532337e+03
8.104413246490126767e+03
8.113409472917634957e+03
8.122378787779060076e+03
8.131321321160897241e+03
8.140237202304802850e+03
8.149126559614287544e+03
8.157989520661323695e+03
8.166826212192883759e+03
8.175636760137416786e+03
8.184421289611293105e+03
8.193179924925188971e+03
8.201912789590371176e+03
8.210620006324992573e+03
8.219301697060274819e+03
8.227957982946676566e+03
8.236588984359968890e+03
8.245194820907305257e+03
8.253775611433180529e+03
