# h
# unit = 1.0/Mpc
2.295355934518519814e-04
2.302304078873078559e-04
2.309369687143800870e-04
2.316553051455841382e-04
2.323854442474899420e-04
2.331274109600970539e-04
2.338812281174311599e-04
2.346469164693197346e-04
2.354244947043071697e-04
2.362139794736636442e-04
2.370153854164461335e-04
2.378287251855633333e-04
2.386540094748004293e-04
2.394912470467555447e-04
2.403404447616400532e-04
2.412016076068954041e-04
2.420747387275768857e-04
2.429598394574559160e-04
2.438569093507924788e-04
2.447659462147271548e-04
2.456869461422454479e-04
2.466199035456648875e-04
2.475648111905969840e-04
2.485216602303353837e-04
2.494904402406233055e-04
2.504711392547544235e-04
2.514637437989584610e-04
2.524682389280291585e-04
2.534846082611481562e-04
2.545128340178622918e-04
2.555528970541711071e-04
2.566047768986837977e-04
2.576684517888045149e-04
2.587438987069078556e-04
2.598310934164652910e-04
2.609300104980871379e-04
2.620406233854438022e-04
2.631629044010327413e-04
2.642968247917572094e-04
2.654423547642880527e-04
2.665994635201749470e-04
2.677681192906819756e-04
2.689482893713170835e-04
2.701399401560329095e-04
2.713430371710712956e-04
2.725575451084309275e-04
2.737834278589352296e-04
2.750206485448801323e-04
2.762691695522439292e-04
2.775289525624397642e-04
2.787999585835964364e-04
2.800821479813508257e-04
2.813754805091393633e-04
2.826799153379754275e-04
2.839954110857018771e-04
2.853219258457074473e-04
2.866594172150997428e-04
2.880078423223258847e-04
2.893671578542335462e-04
2.907373200825676064e-04
2.921182848898981957e-04
2.935100077949737325e-04
2.949124439774989011e-04
2.963255483023345856e-04
2.977492753431179736e-04
2.991835794053034243e-04
3.006284145486239393e-04
3.020837346089747530e-04
3.035494932197211043e-04
3.050256438324325183e-04
3.065121397370462026e-04
3.080089340814644349e-04
3.095159798905899005e-04
3.110332300848029914e-04
3.125606374978877333e-04
3.140981548944105171e-04
3.156457349865603060e-04
3.172033304504537896e-04
3.187708939419146999e-04
3.203483781117342274e-04
3.219357356204188814e-04
3.235329191524353889e-04
3.251398814299590826e-04
3.267565752261355366e-04
3.283829533778627138e-04
3.300189687981036537e-04
3.316645744877358805e-04
3.333197235469514638e-04
3.349843691862101165e-04
3.366584647367608894e-04
3.383419636607369607e-04
3.400348195608356096e-04
3.417369861895913977e-04
3.434484174582521526e-04
3.451690674452666447e-04
3.468988904043947990e-04
3.486378407724475431e-04
3.503858731766671341e-04
3.521429424417568004e-04
3.539090035965678296e-04
3.556840118804551073e-04
3.574679227493088047e-04
3.592606918812706724e-04
3.610622751821445883e-04
3.628726287905107936e-04
3.646917090825504840e-04
3.665194726765906769e-04
3.683558764373774858e-04
3.702008774800849577e-04
3.720544331740702616e-04
3.739165011463796732e-04
3.757870392850158722e-04
3.776660057419728412e-04
3.795533589360471473e-04
3.814490575554316796e-04
3.833530605600998634e-04
3.852653271839871839e-04
3.871858169369776607e-04
3.891144896067005887e-04
3.910513052601467029e-04
3.929962242451071866e-04
3.949492071914439224e-04
3.969102150121978719e-04
3.988792089045389995e-04
4.008561503505656551e-04
4.028410011179593773e-04
4.048337232604995646e-04
4.068342791184437592e-04
4.088426313187797784e-04
4.108587427753534875e-04
4.128825766888789914e-04
4.149140965468340637e-04
4.169532661232474798e-04
4.190000494783822677e-04
4.210544109583182898e-04
4.231163151944402289e-04
4.251857271028345545e-04
4.272626118835985069e-04
4.293469350200677112e-04
4.314386622779629106e-04
4.335377597044627563e-04
4.356441936272036856e-04
4.377579306532123076e-04
4.398789376677725207e-04
4.420071818332321312e-04
4.441426305877489190e-04
4.462852516439837409e-04
4.484350129877404524e-04
4.505918828765558492e-04
4.527558298382440170e-04
4.549268226693949828e-04
4.571048304338354729e-04
4.592898224610460320e-04
4.614817683445458871e-04
4.636806379402409490e-04
4.658864013647420516e-04
4.680990289936513707e-04
4.703184914598226591e-04
4.725447596515948640e-04
4.747778047110035732e-04
4.770175980319686627e-04
4.792641112584623744e-04
4.815173162826605889e-04
4.837771852430749618e-04
4.860436905226722128e-04
4.883168047469778556e-04
4.905965007821684902e-04
4.928827517331541746e-04
4.951755309416503879e-04
4.974748119842413744e-04
4.997805686704387710e-04
5.020927750407312359e-04
5.044114053646331017e-04
5.067364341387265228e-04
5.090678360847023225e-04
5.114055861474001890e-04
5.137496594928473532e-04
5.161000315062968342e-04
5.184566777902688273e-04
5.208195741625930688e-04
5.231886966544535859e-04
5.255640215084380002e-04
5.279455251765907339e-04
5.303331843184707706e-04
5.327269757992155949e-04
5.351268766876110961e-04
5.375328642541677597e-04
5.399449159692058580e-04
5.423630095009456279e-04
5.447871227136090498e-04
5.472172336655284569e-04
5.496533206072641434e-04
5.520953619797330314e-04
5.545433364123457951e-04
5.569972227211572114e-04
5.594569999070229081e-04
5.619226471537712908e-04
5.643941438263847931e-04
5.668714694691929460e-04
5.693546038040782397e-04
5.718435267286929363e-04
5.743382183146897605e-04
5.768386588059635405e-04
5.793448286169079189e-04
5.818567083306819309e-04
5.843742786974936033e-04
5.868975206328930954e-04
5.894264152160821023e-04
5.919609436882358354e-04
5.945010874508380129e-04
5.970468280640310295e-04
5.995981472449788113e-04
6.021550268662446319e-04
6.047174489541824825e-04
6.072853956873422096e-04
6.098588493948893996e-04
6.124377925550394649e-04
6.150222077935052836e-04
6.176120778819600178e-04
6.202073857365129417e-04
6.228081144162018589e-04
6.254142471214958190e-04
6.280257671928170249e-04
6.306426581090721723e-04
6.332649034862026551e-04
6.358924870757444187e-04
6.385253927634057048e-04
6.411636045676567201e-04
6.438071066383338351e-04
6.464558832552591778e-04
6.491099188268720449e-04
6.517691978888758182e-04
6.544337051028978900e-04
6.571034252551644431e-04
6.597783432551876989e-04
6.624584441344680188e-04
6.651437130452080406e-04
6.678341352590427523e-04
6.705296961657805166e-04
6.732303812721592744e-04
6.759361762006145654e-04
6.786470666880628369e-04
6.813630385846946181e-04
6.840840778527841745e-04
6.868101705655096792e-04
6.895413029057882379e-04
6.922774611651204540e-04
6.950186317424513665e-04
6.977648011430416866e-04
7.005159559773517204e-04
7.032720829599379761e-04
7.060331689083622396e-04
7.087992007421118181e-04
7.115701654815337687e-04
7.143460502467773683e-04
7.171268422567530620e-04
7.199125288280994357e-04
7.227030973741640661e-04
7.254985354039939112e-04
7.282988305213389290e-04
7.311039704236656700e-04
7.339139429011829049e-04
7.367287358358778774e-04
7.395483372005632900e-04
7.423727350579354583e-04
7.452019175596436311e-04
7.480358729453688528e-04
7.508745895419147512e-04
7.537180557623067824e-04
7.565662601049042693e-04
7.594191911525203544e-04
7.622768375715535541e-04
7.651391881111283119e-04
7.680062316022462842e-04
7.708779569569479276e-04
7.737543531674798310e-04
7.766354093054783116e-04
7.795211145211561549e-04
7.824114580425026904e-04
7.853064291744915647e-04
7.882060172982971891e-04
7.911102118705214863e-04
7.940190024224290941e-04
7.969323785591917852e-04
7.998503299591390664e-04
8.027728463730240656e-04
8.056999176232873582e-04
8.086315336033410685e-04
8.115676842768522123e-04
8.145083596770389409e-04
8.174535499059735078e-04
8.204032451338939087e-04
8.233574355985225687e-04
8.263161116043942454e-04
8.292792635221895702e-04
8.322468817880802981e-04
8.352189569030757507e-04
8.381954794323853057e-04
8.411764400047798016e-04
8.441618293119649771e-04
8.471516381079628255e-04
8.501458572084976111e-04
8.531444774903891495e-04
8.561474898909557374e-04
8.591548854074210944e-04
8.621666550963279175e-04
8.651827900729630377e-04
8.682032815107822502e-04
8.712281206408468547e-04
8.742572987512651833e-04
8.772908071866397650e-04
8.803286373475220812e-04
8.833707806898730662e-04
8.864172287245284873e-04
8.894679730166739741e-04
8.925230051853222163e-04
8.955823169027982925e-04
8.986458998942311802e-04
9.017137459370486250e-04
9.047858468604818780e-04
9.078621945450719493e-04
9.109427809221826936e-04
9.140275979735231100e-04
9.171166377306677999e-04
9.202098922745919523e-04
9.233073537352021014e-04
9.264090142908808700e-04
9.295148661680300867e-04
9.326249016406233357e-04
9.357391130297625179e-04
9.388574927032377736e-04
9.419800330750954277e-04
9.451067266052073446e-04
9.482375657988484146e-04
9.513725432062777269e-04
9.545116514223216933e-04
9.576548830859663887e-04
9.608022308799528182e-04
9.639536875303728351e-04
9.671092458062785025e-04
9.702688985192840830e-04
9.734326385231846165e-04
9.766004587135690765e-04
9.797723520274430678e-04
9.829483114428545602e-04
9.861283299785234165e-04
9.893124006934740644e-04
9.925005166866761926e-04
9.956926710966834942e-04
9.988888571012817345e-04
1.002089067917138121e-03
1.005293296799454356e-03
1.008501537041625769e-03
1.011713781974899785e-03
1.014930024968044601e-03
1.018150259427015028e-03
1.021374478794626148e-03
1.024602676550228925e-03
1.027834846209390793e-03
1.031070981323577119e-03
1.034311075479838957e-03
1.037555122300501875e-03
1.040803115442861084e-03
1.044055048598875688e-03
1.047310915494870532e-03
1.050570709891238911e-03
1.053834425582148753e-03
1.057102056395252919e-03
1.060373596191400590e-03
1.063649038864354938e-03
1.066928378340510804e-03
1.070211608578616703e-03
1.073498723569500744e-03
1.076789717335796970e-03
1.080084583931678220e-03
1.083383317442587670e-03
1.086685911984977115e-03
1.089992361706045455e-03
1.093302660783481090e-03
1.096616803425206265e-03
1.099934783869125320e-03
1.103256596382875317e-03
1.106582235263577768e-03
1.109911694837594463e-03
1.113244969460286784e-03
1.116582053515775439e-03
1.119922941416702815e-03
1.123267627604000946e-03
1.126616106546655819e-03
1.129968372741483153e-03
1.133324420712896602e-03
1.136684245012685489e-03
1.140047840219791898e-03
1.143415200940091228e-03
1.146786321806173622e-03
1.150161197477129072e-03
1.153539822638332971e-03
1.156922192001237724e-03
1.160308300303160463e-03
1.163698142307079001e-03
1.167091712801426482e-03
