# mu
-inf
3.321408346957276336e+01
3.473732566192241222e+01
3.563563709125624257e+01
3.627795308946561192e+01
3.677989680210389878e+01
3.719297205812867446e+01
3.754465435445737853e+01
3.785134560635667356e+01
3.812362665674986317e+01
3.836872313047160787e+01
3.859178973414283575e+01
3.879663336333402412e+01
3.898614577481497889e+01
3.916257545737970247e+01
3.932770547978376641e+01
3.948297382417458579e+01
3.962955717534394751e+01
3.976843072456340167e+01
3.990041178311935255e+01
4.002619219631776559e+01
4.014636284124620857e+01
4.026143242073372619e+01
4.037184207654664903e+01
4.047797689053689396e+01
4.058017503671246828e+01
4.067873513750650005e+01
4.077392223121213988e+01
4.086597265385412925e+01
4.095509806421070209e+01
4.104148878638154940e+01
4.112531660424014035e+01
4.120673711223374625e+01
4.128589170447885692e+01
4.136290926696565151e+01
4.143790762452633203e+01
4.151099478403140353e+01
4.158227000732149747e+01
4.165182474112484812e+01
4.171974342625374987e+01
4.178610420442069540e+01
4.185097953784425329e+01
4.191443675425440318e+01
4.197653852783009398e+01
4.203734330490594573e+01
4.209690568189482462e+01
4.215527674172709283e+01
4.221250435415842617e+01
4.226863344450962501e+01
4.232370623474275817e+01
4.237776246022607296e+01
4.243083956507511800e+01
4.248297287856526339e+01
4.253419577477799862e+01
4.258453981736036553e+01
4.263403489103574628e+01
4.268270932129743755e+01
4.273058998353906190e+01
4.277770240272347735e+01
4.282407084455970647e+01
4.286971839904371961e+01
4.291466705711953011e+01
4.295893778113136818e+01
4.300255056966224032e+01
4.304552451728882545e+01
4.308787786972504819e+01
4.312962807477626370e+01
4.317079182948149452e+01
4.321138512378221463e+01
4.325142328102133860e+01
4.329092099554582518e+01
4.332989236765887142e+01
4.336835093614381265e+01
4.340630970856024362e+01
4.344378118949403245e+01
4.348077740692551885e+01
4.351730993686522453e+01
4.355338992639269691e+01
4.358902811522168008e+01
4.362423485590420569e+01
4.365902013277578675e+01
4.369339357973558435e+01
4.372736449694679806e+01
4.376094186653585894e+01
4.379413436736180643e+01
4.382695038892207151e+01
4.385939804445462187e+01
4.389148518329236737e+01
4.392321940252070789e+01
4.395460805798535375e+01
4.398565827469379030e+01
4.401637695665036176e+01
4.404677079616206470e+01
4.407684628264907190e+01
4.410660971099169103e+01
4.413606718944308227e+01
4.416522464713476381e+01
4.419408784120014388e+01
4.422266236353944180e+01
4.425095364724769809e+01
4.427896697272602466e+01
4.430670747349499550e+01
4.433418014172747235e+01
4.436138983351733600e+01
4.438834127389927175e+01
4.441503906163369209e+01
4.444148767377022580e+01
4.446769147000191680e+01
4.449365469682192753e+01
4.451938149149343360e+01
4.454487588584284197e+01
4.457014180988593921e+01
4.459518309529570956e+01
4.462000347872034212e+01
4.464460660495912236e+01
4.466899603000365460e+01
4.469317522395122921e+01
4.471714757379699279e+01
4.474091638611089650e+01
4.476448488960517835e+01
4.478785623759793566e+01
4.481103351037769045e+01
4.483401971747397141e+01
4.485681779983826800e+01
4.487943063193975490e+01
4.490186102377977306e+01
4.492411172282894682e+01
4.494618541589044014e+01
4.496808473089289748e+01
4.498981223861617451e+01
4.501137045435298489e+01
4.503276183950933387e+01
4.505398880314650967e+01
4.507505370346712681e+01
4.509595884924777920e+01
4.511670650122066206e+01
4.513729887340623037e+01
4.515773813439913908e+01
4.517802640860939789e+01
4.519816577746061625e+01
4.521815828054718622e+01
4.523800591675211535e+01
4.525771064532706589e+01
4.527727438693622730e+01
4.529669902466545750e+01
4.531598640499814223e+01
4.533513833875902321e+01
4.535415660202733790e+01
4.537304293702050018e+01
4.539179905294938777e+01
4.541042662684643716e+01
4.542892730436754789e+01
4.544730270056885502e+01
4.546555440065917253e+01
4.548368396072930864e+01
4.550169290845884262e+01
4.551958274380132252e+01
4.553735493964874337e+01
4.555501094247598814e+01
4.557255217296593486e+01
4.558998002661603977e+01
4.560729587432699361e+01
4.562450106297407615e+01
4.564159691596188395e+01
4.565858473376300708e+01
4.567546579444113064e+01
4.569224135415929311e+01
4.570891264767357143e+01
4.572548088881291051e+01
4.574194727094545954e+01
4.575831296743188403e+01
4.577457913206613682e+01
4.579074689950407162e+01
4.580681738568029004e+01
4.582279168821366966e+01
4.583867088680189283e+01
4.585445604360537430e+01
4.587014820362091427e+01
4.588574839504538261e+01
4.590125762962982492e+01
4.591667690302424631e+01
4.593200719511333574e+01
4.594724947034352169e+01
4.596240467804155116e+01
4.597747375272483339e+01
4.599245761440393210e+01
4.600735716887724180e+01
4.602217330801836681e+01
4.603690691005613189e+01
4.605155883984762255e+01
4.606612994914448933e+01
4.608062107685258013e+01
4.609503304928522027e+01
4.610936668041026820e+01
4.612362277209113159e+01
4.613780211432199962e+01
4.615190548545734117e+01
4.616593365243588210e+01
4.617988737099931740e+01
4.619376738590569431e+01
4.620757443113788554e+01
4.622130923010706738e+01
4.623497249585143720e+01
4.624856493123034795e+01
4.626208722911390936e+01
4.627554007256819091e+01
4.628892413503621128e+01
4.630224008051477824e+01
4.631548856372729972e+01
4.632867023029263009e+01
4.634178571689022874e+01
4.635483565142152429e+01
4.636782065316766221e+01
4.638074133294380630e+01
4.639359829324997264e+01
4.640639212841860228e+01
4.641912342475879427e+01
4.643179276069751893e+01
4.644440070691763367e+01
4.645694782649302823e+01
4.646943467502074299e+01
4.648186180075035168e+01
4.649422974471052328e+01
4.650653904083291934e+01
4.651879021607341258e+01
4.653098379053083988e+01
4.654312027756321868e+01
4.655520018390144799e+01
4.656722400976082099e+01
4.657919224895005073e+01
4.659110538897814990e+01
4.660296391115906545e+01
4.661476829071420980e+01
4.662651899687283219e+01
4.663821649129532432e+01
4.664986123482074021e+01
4.666145367765722085e+01
4.667299426602952650e+01
4.668448344064269406e+01
4.669592163677096153e+01
4.670730928434485918e+01
4.671864680803664527e+01
4.672993462734399372e+01
4.674117315667210448e+01
4.675236280541417244e+01
4.676350397803027903e+01
4.677459707412480583e+01
4.678564248852228502e+01
4.679664061134185715e+01
4.680759182807027230e+01
4.681849651963346304e+01
4.682935506246682422e+01
4.684016782858411432e+01
4.685093518564507065e+01
4.686165749702175987e+01
4.687233512186362105e+01
4.688296841516142877e+01
4.689355772780993448e+01
4.690410340666939959e+01
4.691460579462599867e+01
4.692506523065110713e+01
4.693548204985946626e+01
4.694585658356635349e+01
4.695618915934364423e+01
4.696648010107488602e+01
4.697672972900939214e+01
4.698693835981529787e+01
4.699710630663179245e+01
4.700723387912021423e+01
4.701732138351447077e+01
4.702736912267035052e+01
4.703737739611409552e+01
4.704734650009010011e+01
4.705727672760767888e+01
4.706716836848713115e+01
4.707702170940493147e+01
4.708683703393816700e+01
4.709661462260815767e+01
4.710635475292336594e+01
4.711605769942156030e+01
4.712572373371122580e+01
4.713535312451232073e+01
4.714494613769623754e+01
4.715450303632520956e+01
4.716402408069095031e+01
4.717350952835268885e+01
4.718295963417453720e+01
4.719237465036223966e+01
4.720175482649935361e+01
4.721110040958269849e+01
4.722041164405737845e+01
4.722968877185110870e+01
4.723893203240798755e+01
4.724814166272176408e+01
4.725731789736852306e+01
4.726646096853882284e+01
4.727557110606932866e+01
4.728464853747394159e+01
4.729369348797436601e+01
4.730270618053027931e+01
4.731168683586891177e+01
4.732063567251419300e+01
4.732955290681548632e+01
4.733843875297574755e+01
4.734729342307934985e+01
4.735611712711937571e+01
4.736491007302453227e+01
4.737367246668564036e+01
4.738240451198166170e+01
4.739110641080535657e+01
4.739977836308854364e+01
4.740842056682693340e+01
4.741703321810460636e+01
4.742561651111806498e+01
4.743417063820000124e+01
4.744269578984258828e+01
4.745119215472049490e+01
4.745965991971351627e+01
4.746809926992885664e+01
4.747651038872308504e+01
4.748489345772371450e+01
4.749324865685055386e+01
4.750157616433660479e+01
4.750987615674873865e+01
4.751814880900803928e+01
4.752639429440982610e+01
4.753461278464337170e+01
4.754280444981138487e+01
4.755096945844908873e+01
4.755910797754314956e+01
4.756722017255023616e+01
4.757530620741533767e+01
4.758336624458976871e+01
4.759140044504903244e+01
4.759940896831023593e+01
4.760739197244942744e+01
4.761534961411857125e+01
4.762328204856233071e+01
4.763118942963455993e+01
4.763907190981463202e+01
4.764692964022342636e+01
4.765476277063922339e+01
4.766257144951322289e+01
4.767035582398496274e+01
4.767811603989744640e+01
4.768585224181209270e+01
4.769356457302342989e+01
4.770125317557364752e+01
4.770891819026688552e+01
4.771655975668335969e+01
4.772417801319325292e+01
4.773177309697047122e+01
4.773934514400609430e+01
4.774689428912181910e+01
4.775442066598301949e+01
4.776192440711178477e+01
4.776940564389966681e+01
4.777686450662031348e+01
4.778430112444193156e+01
4.779171562543952234e+01
4.779910813660701052e+01
4.780647878386918848e+01
4.781382769209347572e+01
4.782115498510155760e+01
4.782846078568083215e+01
4.783574521559571480e+01
4.784300839559882945e+01
4.785025044544194373e+01
4.785747148388691841e+01
4.786467162871632297e+01
4.787185099674410083e+01
4.787900970382591481e+01
4.788614786486949271e+01
4.789326559384477378e+01
4.790036300379391321e+01
4.790744020684118709e+01
4.791449731420276237e+01
4.792153443619631048e+01
4.792855168225050733e+01
4.793554916091444085e+01
4.794252697986686229e+01
4.794948524592533090e+01
4.795642406505521649e+01
4.796334354237863806e+01
4.797024378218323193e+01
4.797712488793084162e+01
4.798398696226607996e+01
4.799083010702479157e+01
4.799765442324240894e+01
4.800446001116218753e+01
4.801124697024334864e+01
4.801801539916910144e+01
4.802476539585462945e+01
4.803149705745486386e+01
4.803821048037225694e+01
4.804490576026441317e+01
4.805158299205162820e+01
4.805824226992435655e+01
4.806488368735055872e+01
4.807150733708294865e+01
4.807811331116620579e+01
